-42.2022464850 -42.2022464850 -42.1993188723 -42.1993188723 -42.1905719272 -42.1905719272 -42.1845949979 -42.1845949979 -40.7561878593 -40.7561878593 -40.7530183415 -40.7530183415 -40.7451280550 -40.7451280550 -40.7409465365 -40.7409465365 -40.7325346547 -40.7325346547 -40.7285230764 -40.7285230764 -29.4863008824 -29.4863008824 -29.4858493672 -29.4858493672 -29.4806488966 -29.4806488966 -29.4800799331 -29.4800799331 -26.5772481086 -26.5772481086 -26.5768199447 -26.5768199447 -26.5652611603 -26.5652611603 -26.5649454027 -26.5649454027 -26.5495039765 -26.5495039765 -26.5490191595 -26.5490191595 -18.1553233531 -18.1553233531 -18.1119580836 -18.1119580836 -16.8130759074 -16.8130759074 -16.6748319875 -16.6748319875 -13.7472103438 -13.7472103438 -13.2938365452 -13.2938365452 -7.8669939053 -7.8669939053 -7.6351133940 -7.6351133940 -6.7784770983 -6.7784770983 -6.6067272749 -6.6067272749 -6.5596108654 -6.5596108654 -6.2513349274 -6.2513349274 -6.0283342587 -6.0283342587 -6.0023509455 -6.0023509455 -5.9999348401 -5.9999348401 -5.5310489372 -5.5310489372 -5.3744238215 -5.3744238215 -4.7208881818 -4.7208881818 -4.5714716182 -4.5714716182 -4.3876460050 -4.3876460050 -3.0342792606 -3.0342792606 -2.9259738568 -2.9259738568 -2.5815334640 -2.5815334640 -2.4538184798 -2.4538184798 0.9342622043 0.9342622043 1.1514782887 1.1514782887 1.8625660389 1.8625660389 1.9628228671 1.9628228671 2.0925442194 2.0925442194 2.1356135973 2.1356135973 2.1751495044 2.1751495044 2.2271156731 2.2271156731 3.0589768829 3.0589768829 3.8629040784 3.8629040784 3.9182767317 3.9182767317 3.9389365678 3.9389365678 4.2387701240 4.2387701240 4.2730478215 4.2730478215 4.4956334865 4.4956334865 4.5798750735 4.5798750735 4.6048868286 4.6048868286 4.8161211411 4.8161211411 4.8332162545 4.8332162545 4.8386323180 4.8386323180 7.3278451385 7.3278451385 7.5806636832 7.5806636832 7.7700374869 7.7700374869 8.4506569774 8.4506569774 8.6436355743 8.6436355743 10.3739148159 10.3739148159 11.6571853187 11.6571853187 11.7854878635 11.7854878635 11.8459282995 11.8459282995 12.4362457824 12.4362457824 12.4878807648 12.4878807648 14.1236077833 14.1236077833 15.4840070399 15.4840070399 16.5428434455 16.5428434455 16.6735297977 16.6735297977 16.8874020928 16.8874020928 16.9926297017 16.9926297017 19.9727287950 19.9727287950 20.1027423844 20.1027423844 20.2681184915 20.2681184915 20.4363889287 20.4363889287 20.4892844833 20.4892844833 20.7645983133 20.7645983133 20.8382219856 20.8382219856 21.1060261197 21.1060261197 21.2376254512 21.2376254512 21.4977338077 21.4977338077 24.6667700754 24.6667700754 24.9139547288 24.9139547288 24.9954914963 24.9954914963 25.0016731425 25.0016731425 25.2516986224 25.2516986224 25.7898254797 25.7898254797 29.6009226384 29.6009226384 30.3299818720 30.3299818720 31.3239910540 31.3239910540 36.5103712557 36.5103712558 41.1366651155 41.1366651155 41.1628821038 41.1628821038 41.4034156751 41.4034156751 41.4698513608 41.4698513608 41.7152179489 41.7152179489 43.8595271525 43.8595271525 47.1859958944 47.1859958944 48.1103172570 48.1103172570 48.2538260998 48.2538260998 48.8490564156 48.8490564156 48.9560197470 48.9560197470 61.3868385191 61.3868385191 63.0830401074 63.0830401074
-42.2025338625 -42.2024543406 -42.1997659191 -42.1996968386 -42.1908580064 -42.1906109958 -42.1851733861 -42.1845613706 -40.7566113066 -40.7563805216 -40.7534526790 -40.7531831098 -40.7454818389 -40.7451479646 -40.7415514523 -40.7411205972 -40.7327686319 -40.7325233513 -40.7290482550 -40.7283984198 -29.4861967614 -29.4861887234 -29.4858305801 -29.4857947094 -29.4810322381 -29.4808669153 -29.4804623118 -29.4804356911 -26.5773574080 -26.5771854277 -26.5769928912 -26.5767146649 -26.5658586416 -26.5658345072 -26.5656474065 -26.5653084165 -26.5496131137 -26.5494155549 -26.5492152467 -26.5489736141 -18.1112583642 -18.1112422019 -18.0695864208 -18.0695672888 -16.7887338790 -16.7887268335 -16.6519255901 -16.6519105338 -13.7757202707 -13.7756761627 -13.3439716252 -13.3439597108 -7.9126653413 -7.9119449332 -7.7287439133 -7.7282870096 -7.1788514209 -7.1786885330 -6.7867650514 -6.7834933529 -6.6509688615 -6.6459089466 -6.4369157575 -6.4342416255 -6.1554919623 -6.1550132134 -6.0352204692 -6.0270217957 -5.8017954891 -5.7965380229 -5.7046987858 -5.7016061263 -5.4414630644 -5.4336649593 -4.8945347904 -4.8914727020 -4.2559052544 -4.2536915985 -4.1286427790 -4.1183559909 -2.8373466553 -2.8370130765 -2.7894787368 -2.7846753117 -2.4924053097 -2.4911077446 -2.4565134341 -2.4536724374 1.0529382057 1.0532178206 1.2076034386 1.2079235987 1.7131082680 1.7132922702 1.8013358627 1.8025842763 2.0279142214 2.0285148838 2.1808582227 2.1875527784 2.2368323660 2.2443425449 2.2947025432 2.2957825919 2.9267932390 2.9285612025 3.6826536212 3.6849050328 3.7165708038 3.7212698358 3.9116580592 3.9117958030 4.1841856536 4.1895188242 4.2481628775 4.2552840063 4.5364485879 4.5465067385 4.5715430213 4.5788204985 4.8381951347 4.8384715921 4.9757323477 4.9788482156 5.3169360790 5.3211215343 5.4484093536 5.4523016055 7.3581126168 7.3602872297 7.5676748606 7.5683387062 7.6463704524 7.6477577491 8.3190996237 8.3234309471 8.4559298228 8.4570404031 10.8665538214 10.8696032706 11.4378329719 11.4408763871 11.5406526141 11.5578134958 11.7342835245 11.7574225587 12.3786807854 12.3804809164 12.6999525795 12.7017525679 14.2017286040 14.2029106574 15.7082109646 15.7084099273 16.0849866844 16.1073942935 16.1762992508 16.1974670244 16.6214888961 16.6244572594 16.7749291949 16.7789289014 19.3234715136 19.3274149186 19.7168883450 19.7214656323 19.8773774356 19.8832266606 19.9862628442 19.9966286360 20.3672703510 20.3710283093 20.4872484277 20.4899315903 20.5589465322 20.5606484492 20.6407442904 20.6447108911 20.7420957237 20.7494703006 22.0056856512 22.0061014704 24.4414035055 24.4484469819 24.5097261928 24.5115923734 25.3618409338 25.3678403567 25.5715864501 25.5734578611 25.7920353036 25.7952837284 27.2538476378 27.2544910433 29.0779577571 29.0791162590 29.8660288926 29.8683580125 31.5964421656 31.5975133792 36.7083521522 36.7092852947 40.2453564784 40.2485265039 40.9429626892 40.9448371547 41.2359634949 41.2416760068 42.0532564376 42.0590142293 42.2869901779 42.2913015672 43.9883243000 43.9896670669 45.9106413153 45.9132234182 47.3152535765 47.3158852115 47.7509412969 47.7515487847 48.6446540853 48.6461327194 49.1574303905 49.1588979709 61.9793508907 61.9806737808 63.3480178712 63.3493481751
-42.2025338625 -42.2024543406 -42.1997659191 -42.1996968386 -42.1908580064 -42.1906109958 -42.1851733861 -42.1845613706 -40.7566113066 -40.7563805216 -40.7534526789 -40.7531831098 -40.7454818389 -40.7451479646 -40.7415514523 -40.7411205972 -40.7327686319 -40.7325233513 -40.7290482550 -40.7283984198 -29.4861967614 -29.4861887234 -29.4858305801 -29.4857947094 -29.4810322381 -29.4808669153 -29.4804623118 -29.4804356911 -26.5773574080 -26.5771854277 -26.5769928912 -26.5767146649 -26.5658586416 -26.5658345072 -26.5656474065 -26.5653084165 -26.5496131137 -26.5494155549 -26.5492152467 -26.5489736141 -18.1112583642 -18.1112422019 -18.0695864208 -18.0695672888 -16.7887338790 -16.7887268335 -16.6519255901 -16.6519105338 -13.7757202707 -13.7756761627 -13.3439716252 -13.3439597108 -7.9126653413 -7.9119449332 -7.7287439133 -7.7282870096 -7.1788514209 -7.1786885330 -6.7867650514 -6.7834933529 -6.6509688615 -6.6459089466 -6.4369157575 -6.4342416255 -6.1554919623 -6.1550132134 -6.0352204692 -6.0270217957 -5.8017954891 -5.7965380229 -5.7046987858 -5.7016061263 -5.4414630644 -5.4336649593 -4.8945347904 -4.8914727020 -4.2559052544 -4.2536915985 -4.1286427790 -4.1183559909 -2.8373466553 -2.8370130765 -2.7894787368 -2.7846753117 -2.4924053097 -2.4911077446 -2.4565134341 -2.4536724374 1.0529382057 1.0532178206 1.2076034386 1.2079235987 1.7131082680 1.7132922702 1.8013358627 1.8025842763 2.0279142214 2.0285148838 2.1808582227 2.1875527784 2.2368323660 2.2443425449 2.2947025432 2.2957825919 2.9267932390 2.9285612025 3.6826536212 3.6849050328 3.7165708038 3.7212698358 3.9116580592 3.9117958030 4.1841856536 4.1895188242 4.2481628775 4.2552840063 4.5364485879 4.5465067385 4.5715430213 4.5788204985 4.8381951347 4.8384715921 4.9757323477 4.9788482156 5.3169360790 5.3211215343 5.4484093536 5.4523016055 7.3581126168 7.3602872297 7.5676748606 7.5683387062 7.6463704524 7.6477577491 8.3190996237 8.3234309471 8.4559298228 8.4570404031 10.8665538214 10.8696032706 11.4378329719 11.4408763871 11.5406526141 11.5578134958 11.7342835245 11.7574225587 12.3786807854 12.3804809164 12.6999525795 12.7017525679 14.2017286040 14.2029106574 15.7082109646 15.7084099273 16.0849866844 16.1073942935 16.1762992508 16.1974670244 16.6214888961 16.6244572594 16.7749291949 16.7789289014 19.3234715136 19.3274149186 19.7168883450 19.7214656323 19.8773774356 19.8832266606 19.9862628442 19.9966286360 20.3672703510 20.3710283093 20.4872484277 20.4899315903 20.5589465322 20.5606484492 20.6407442904 20.6447108911 20.7420957237 20.7494703006 22.0056856512 22.0061014704 24.4414035055 24.4484469819 24.5097261928 24.5115923734 25.3618409338 25.3678403567 25.5715864501 25.5734578611 25.7920353036 25.7952837284 27.2538476378 27.2544910433 29.0779577571 29.0791162590 29.8660288926 29.8683580125 31.5964421656 31.5975133792 36.7083521522 36.7092852947 40.2453564784 40.2485265039 40.9429626892 40.9448371547 41.2359634949 41.2416760068 42.0532564376 42.0590142293 42.2869901779 42.2913015672 43.9883243000 43.9896670669 45.9106413153 45.9132234182 47.3152535765 47.3158852115 47.7509412969 47.7515487847 48.6446540853 48.6461327194 49.1574303905 49.1588979709 61.9793508907 61.9806737808 63.3480178712 63.3493481751
-42.2025205143 -42.2024595637 -42.1997536380 -42.1996844209 -42.1908603579 -42.1906743064 -42.1851257084 -42.1845834595 -40.7565736126 -40.7563058122 -40.7534205837 -40.7531186602 -40.7455221620 -40.7452723963 -40.7414345371 -40.7412081632 -40.7328094175 -40.7326640933 -40.7288872152 -40.7284604088 -29.4862747375 -29.4862508164 -29.4858874177 -29.4858489959 -29.4809856403 -29.4808151973 -29.4804324686 -29.4803867036 -26.5777686302 -26.5776618968 -26.5774660923 -26.5770980401 -26.5654530195 -26.5652098183 -26.5651408370 -26.5648914657 -26.5496438384 -26.5494631062 -26.5492545096 -26.5489872628 -18.1112577783 -18.1112418328 -18.0695989069 -18.0695800460 -16.7887179659 -16.7887091693 -16.6519140282 -16.6518967348 -13.7757492355 -13.7757068372 -13.3440236123 -13.3440093429 -7.9133325063 -7.9126497094 -7.7289329807 -7.7284765637 -7.1819781910 -7.1818426652 -6.7862872409 -6.7829596663 -6.6504396028 -6.6450817681 -6.4348929619 -6.4323540265 -6.1535457936 -6.1525394483 -6.0334753648 -6.0255784692 -5.8027463434 -5.7976528093 -5.7023778902 -5.6987198057 -5.4439095249 -5.4356759370 -4.8949471873 -4.8919574531 -4.2569517621 -4.2543497351 -4.1293257118 -4.1187898814 -2.8388846178 -2.8382006572 -2.7934741627 -2.7889529012 -2.4915397566 -2.4902902174 -2.4510313054 -2.4487351813 1.0530007990 1.0533077301 1.2076634966 1.2080236158 1.7059849106 1.7069646917 1.7923196089 1.7940027194 2.0271937101 2.0276985588 2.1846995994 2.1894756070 2.2434668931 2.2489319456 2.3036469940 2.3048421993 2.9243036121 2.9261725777 3.6813858143 3.6834672210 3.7162156135 3.7208170633 3.9111912894 3.9114402731 4.1851053582 4.1908176126 4.2493783298 4.2564844294 4.5358832537 4.5444541575 4.5734016153 4.5801600455 4.8398018052 4.8412588431 4.9780537763 4.9813383403 5.3146847212 5.3193065839 5.4451084795 5.4493036708 7.3566292447 7.3582935909 7.5640040192 7.5649986388 7.6493653405 7.6516257044 8.3188652304 8.3231231694 8.4574766886 8.4591065297 10.8656888271 10.8687268190 11.4293602283 11.4322099109 11.5353415513 11.5526748631 11.7434094640 11.7666650576 12.3878355955 12.3895216639 12.6956090834 12.6976337719 14.2010248690 14.2021563874 15.7067231385 15.7069301384 16.0835335604 16.1057271148 16.1749029844 16.1958259068 16.6226940355 16.6256374425 16.7775651717 16.7815743094 19.3205712744 19.3244711646 19.7160460653 19.7209274208 19.8763566569 19.8828862409 19.9851374616 19.9955797759 20.3697664432 20.3736104669 20.4889144745 20.4922202862 20.5576092234 20.5588949452 20.6402558581 20.6442624849 20.7460309373 20.7532893805 22.0039289753 22.0043399561 24.4379593167 24.4450400112 24.5059480760 24.5082931375 25.3645877634 25.3703932741 25.5735456731 25.5754637791 25.7916600163 25.7948784714 27.2513665269 27.2520228634 29.0772099196 29.0783478744 29.8650032729 29.8673172418 31.5945092200 31.5955795453 36.7061330132 36.7070921288 40.2411971875 40.2444238631 40.9294024994 40.9327361437 41.2242823026 41.2320765105 42.0345619083 42.0416864333 42.2703495649 42.2752327352 43.9832583501 43.9845901955 45.8960526939 45.8985613887 47.2998020471 47.3007249705 47.7406966411 47.7415423398 48.6346371994 48.6361185744 49.1465510916 49.1479260013 61.9715372524 61.9729078178 63.3386429991 63.3400268170
-42.2025205143 -42.2024595637 -42.1997536380 -42.1996844209 -42.1908603579 -42.1906743064 -42.1851257084 -42.1845834595 -40.7565736126 -40.7563058122 -40.7534205837 -40.7531186602 -40.7455221620 -40.7452723963 -40.7414345371 -40.7412081632 -40.7328094175 -40.7326640933 -40.7288872152 -40.7284604088 -29.4862747375 -29.4862508164 -29.4858874177 -29.4858489959 -29.4809856403 -29.4808151973 -29.4804324686 -29.4803867036 -26.5777686302 -26.5776618968 -26.5774660923 -26.5770980401 -26.5654530195 -26.5652098183 -26.5651408370 -26.5648914657 -26.5496438384 -26.5494631062 -26.5492545096 -26.5489872628 -18.1112577783 -18.1112418328 -18.0695989069 -18.0695800460 -16.7887179659 -16.7887091693 -16.6519140282 -16.6518967348 -13.7757492355 -13.7757068372 -13.3440236123 -13.3440093429 -7.9133325063 -7.9126497094 -7.7289329807 -7.7284765637 -7.1819781910 -7.1818426652 -6.7862872409 -6.7829596663 -6.6504396028 -6.6450817681 -6.4348929619 -6.4323540265 -6.1535457936 -6.1525394483 -6.0334753648 -6.0255784692 -5.8027463434 -5.7976528093 -5.7023778902 -5.6987198057 -5.4439095249 -5.4356759370 -4.8949471873 -4.8919574531 -4.2569517621 -4.2543497351 -4.1293257118 -4.1187898814 -2.8388846178 -2.8382006572 -2.7934741627 -2.7889529012 -2.4915397566 -2.4902902174 -2.4510313054 -2.4487351813 1.0530007990 1.0533077301 1.2076634966 1.2080236158 1.7059849106 1.7069646917 1.7923196089 1.7940027194 2.0271937101 2.0276985588 2.1846995994 2.1894756070 2.2434668931 2.2489319456 2.3036469940 2.3048421993 2.9243036121 2.9261725777 3.6813858143 3.6834672210 3.7162156135 3.7208170633 3.9111912894 3.9114402731 4.1851053582 4.1908176126 4.2493783298 4.2564844294 4.5358832537 4.5444541575 4.5734016153 4.5801600455 4.8398018052 4.8412588431 4.9780537763 4.9813383403 5.3146847212 5.3193065839 5.4451084795 5.4493036708 7.3566292447 7.3582935909 7.5640040192 7.5649986388 7.6493653405 7.6516257044 8.3188652304 8.3231231694 8.4574766886 8.4591065297 10.8656888271 10.8687268190 11.4293602283 11.4322099109 11.5353415513 11.5526748631 11.7434094640 11.7666650576 12.3878355955 12.3895216639 12.6956090834 12.6976337719 14.2010248690 14.2021563874 15.7067231385 15.7069301384 16.0835335604 16.1057271148 16.1749029844 16.1958259068 16.6226940355 16.6256374425 16.7775651717 16.7815743094 19.3205712744 19.3244711646 19.7160460653 19.7209274208 19.8763566569 19.8828862409 19.9851374616 19.9955797759 20.3697664432 20.3736104669 20.4889144745 20.4922202862 20.5576092234 20.5588949452 20.6402558581 20.6442624849 20.7460309373 20.7532893805 22.0039289753 22.0043399561 24.4379593167 24.4450400112 24.5059480760 24.5082931375 25.3645877634 25.3703932741 25.5735456731 25.5754637791 25.7916600163 25.7948784714 27.2513665269 27.2520228634 29.0772099196 29.0783478744 29.8650032729 29.8673172418 31.5945092200 31.5955795453 36.7061330132 36.7070921288 40.2411971875 40.2444238631 40.9294024994 40.9327361437 41.2242823026 41.2320765105 42.0345619083 42.0416864333 42.2703495649 42.2752327352 43.9832583501 43.9845901955 45.8960526939 45.8985613887 47.2998020471 47.3007249705 47.7406966411 47.7415423398 48.6346371994 48.6361185744 49.1465510916 49.1479260013 61.9715372524 61.9729078178 63.3386429991 63.3400268170
-42.2025190954 -42.2024606633 -42.1997530197 -42.1996838817 -42.1908501336 -42.1906859995 -42.1851288112 -42.1845796003 -40.7565738061 -40.7563047189 -40.7534209781 -40.7531182146 -40.7455182764 -40.7452738487 -40.7414444177 -40.7411999214 -40.7327975847 -40.7326769462 -40.7288955573 -40.7284519611 -29.4862715220 -29.4862520067 -29.4858885074 -29.4858499066 -29.4809853527 -29.4808151957 -29.4804317953 -29.4803875192 -26.5777721362 -26.5776598797 -26.5774626299 -26.5770984229 -26.5654493482 -26.5652036524 -26.5651521946 -26.5648914976 -26.5496432647 -26.5494631919 -26.5492541119 -26.5489872118 -18.1112586893 -18.1112428355 -18.0696006552 -18.0695817761 -16.7887181244 -16.7887094574 -16.6519141536 -16.6518968663 -13.7757483686 -13.7757055542 -13.3440223048 -13.3440086054 -7.9133280287 -7.9126534685 -7.7289289177 -7.7284801552 -7.1819463879 -7.1818837027 -6.7862791077 -6.7829508023 -6.6504379720 -6.6450696361 -6.4349006906 -6.4323633098 -6.1535611113 -6.1525258764 -6.0334920136 -6.0255506602 -5.8027472657 -5.7976360852 -5.7023785519 -5.6987343641 -5.4439060568 -5.4356825756 -4.8949446072 -4.8919646230 -4.2569536358 -4.2543470888 -4.1293258983 -4.1187870263 -2.8388672598 -2.8382188721 -2.7934716866 -2.7889506876 -2.4915460697 -2.4902959822 -2.4510272220 -2.4487272989 1.0529940058 1.0533126525 1.2076633049 1.2080274414 1.7059502930 1.7069882572 1.7922907756 1.7940135284 2.0271775794 2.0277189476 2.1847053271 2.1894859717 2.2434712938 2.2489393176 2.3036601086 2.3048245680 2.9242913952 2.9261609395 3.6813773005 3.6834646593 3.7162229635 3.7208278406 3.9111963110 3.9114414672 4.1850968105 4.1908323279 4.2493701247 4.2564916223 4.5358904029 4.5444637440 4.5733997584 4.5801627191 4.8398172490 4.8412551278 4.9780576643 4.9813325594 5.3146739121 5.3193148581 5.4451006396 5.4493107353 7.3566099580 7.3583149480 7.5639515255 7.5650454637 7.6493672418 7.6516282776 8.3188595550 8.3231159577 8.4574710175 8.4590930032 10.8656912705 10.8687302610 11.4292917374 11.4321616935 11.5353530066 11.5526909913 11.7434545930 11.7666976298 12.3878708516 12.3895545461 12.6956038850 12.6976265494 14.2010309833 14.2021633198 15.7067123561 15.7069248621 16.0835184823 16.1057009475 16.1748899437 16.1958044779 16.6227101523 16.6256507208 16.7776110181 16.7816194213 19.3205378089 19.3244416564 19.7160735744 19.7209585473 19.8763826082 19.8829055079 19.9851378319 19.9955850576 20.3697556890 20.3735927987 20.4889488342 20.4922285286 20.5575360043 20.5588421342 20.6402321585 20.6442271578 20.7460054580 20.7532543072 22.0039461485 22.0043538449 24.4379885756 24.4450159124 24.5060257071 24.5082330651 25.3645546596 25.3703805217 25.5736381577 25.5754959596 25.7917390231 25.7949052485 27.2513547175 27.2520154818 29.0772186534 29.0783565729 29.8650313007 29.8673500747 31.5946096893 31.5956821024 36.7062018929 36.7071399705 40.2413176936 40.2445081945 40.9293689122 40.9326668640 41.2249867385 41.2326979663 42.0347900263 42.0419047854 42.2707816721 42.2756487569 43.9830669820 43.9844272737 45.8955693600 45.8980999110 47.2991154254 47.2999336502 47.7407996232 47.7420206734 48.6349086086 48.6362833432 49.1464656749 49.1478476125 61.9720947060 61.9734405215 63.3393324342 63.3406803126
-42.2025190954 -42.2024606633 -42.1997530197 -42.1996838817 -42.1908501336 -42.1906859995 -42.1851288112 -42.1845796003 -40.7565738061 -40.7563047189 -40.7534209781 -40.7531182146 -40.7455182764 -40.7452738487 -40.7414444177 -40.7411999214 -40.7327975847 -40.7326769462 -40.7288955573 -40.7284519611 -29.4862715220 -29.4862520067 -29.4858885074 -29.4858499066 -29.4809853527 -29.4808151957 -29.4804317953 -29.4803875192 -26.5777721362 -26.5776598797 -26.5774626299 -26.5770984229 -26.5654493482 -26.5652036524 -26.5651521946 -26.5648914976 -26.5496432647 -26.5494631919 -26.5492541119 -26.5489872118 -18.1112586893 -18.1112428355 -18.0696006552 -18.0695817761 -16.7887181244 -16.7887094574 -16.6519141536 -16.6518968663 -13.7757483686 -13.7757055542 -13.3440223048 -13.3440086054 -7.9133280287 -7.9126534685 -7.7289289177 -7.7284801552 -7.1819463879 -7.1818837027 -6.7862791077 -6.7829508023 -6.6504379720 -6.6450696361 -6.4349006906 -6.4323633098 -6.1535611113 -6.1525258764 -6.0334920136 -6.0255506602 -5.8027472657 -5.7976360852 -5.7023785519 -5.6987343641 -5.4439060568 -5.4356825756 -4.8949446072 -4.8919646230 -4.2569536358 -4.2543470888 -4.1293258983 -4.1187870263 -2.8388672598 -2.8382188721 -2.7934716866 -2.7889506876 -2.4915460697 -2.4902959822 -2.4510272220 -2.4487272989 1.0529940058 1.0533126525 1.2076633049 1.2080274414 1.7059502930 1.7069882572 1.7922907756 1.7940135284 2.0271775794 2.0277189476 2.1847053271 2.1894859717 2.2434712938 2.2489393176 2.3036601086 2.3048245680 2.9242913952 2.9261609395 3.6813773005 3.6834646593 3.7162229635 3.7208278406 3.9111963110 3.9114414672 4.1850968105 4.1908323279 4.2493701247 4.2564916223 4.5358904029 4.5444637440 4.5733997584 4.5801627191 4.8398172490 4.8412551278 4.9780576643 4.9813325594 5.3146739121 5.3193148581 5.4451006396 5.4493107353 7.3566099580 7.3583149480 7.5639515255 7.5650454637 7.6493672418 7.6516282776 8.3188595550 8.3231159577 8.4574710175 8.4590930032 10.8656912705 10.8687302610 11.4292917374 11.4321616935 11.5353530066 11.5526909913 11.7434545930 11.7666976298 12.3878708516 12.3895545461 12.6956038850 12.6976265494 14.2010309833 14.2021633198 15.7067123561 15.7069248621 16.0835184823 16.1057009475 16.1748899437 16.1958044779 16.6227101523 16.6256507208 16.7776110181 16.7816194213 19.3205378089 19.3244416564 19.7160735744 19.7209585473 19.8763826082 19.8829055079 19.9851378319 19.9955850576 20.3697556890 20.3735927987 20.4889488342 20.4922285286 20.5575360043 20.5588421342 20.6402321585 20.6442271578 20.7460054580 20.7532543072 22.0039461485 22.0043538449 24.4379885756 24.4450159124 24.5060257071 24.5082330651 25.3645546596 25.3703805217 25.5736381577 25.5754959596 25.7917390231 25.7949052485 27.2513547175 27.2520154818 29.0772186534 29.0783565729 29.8650313007 29.8673500747 31.5946096893 31.5956821024 36.7062018929 36.7071399705 40.2413176936 40.2445081945 40.9293689122 40.9326668640 41.2249867385 41.2326979663 42.0347900263 42.0419047854 42.2707816721 42.2756487569 43.9830669820 43.9844272737 45.8955693600 45.8980999110 47.2991154254 47.2999336502 47.7407996232 47.7420206734 48.6349086086 48.6362833432 49.1464656749 49.1478476125 61.9720947060 61.9734405215 63.3393324342 63.3406803126
-42.2043977497 -42.2038991218 -42.2027526870 -42.2022059276 -42.1934844058 -42.1922721402 -42.1891865307 -42.1861513708 -40.7591275037 -40.7576280706 -40.7568788192 -40.7543486908 -40.7481581258 -40.7462690589 -40.7456691061 -40.7426791749 -40.7350291811 -40.7340092580 -40.7318169514 -40.7293038972 -29.4875217162 -29.4874354393 -29.4872953978 -29.4871530157 -29.4820899255 -29.4819709759 -29.4815926879 -29.4815066960 -26.5791759978 -26.5789700213 -26.5787554187 -26.5785742337 -26.5676641775 -26.5671945395 -26.5670527587 -26.5668728346 -26.5510096490 -26.5509041250 -26.5499748481 -26.5498645484 -18.0298503724 -18.0298257852 -17.9917321336 -17.9917280267 -16.7493590158 -16.7492828392 -16.6151341603 -16.6149613334 -13.8486350623 -13.8485128760 -13.4586017759 -13.4584501713 -8.1006512425 -8.0998746967 -7.8626565814 -7.8541735052 -7.5949916071 -7.5932847324 -7.1459555780 -7.1425111142 -6.8617346017 -6.8368551814 -6.5942380829 -6.5693991511 -6.5213338777 -6.4880003477 -6.0968490504 -6.0740978680 -5.8760237302 -5.8693917480 -5.8135202005 -5.8009099954 -5.4018708879 -5.3790304461 -5.0579595354 -5.0381891573 -4.1421091198 -4.1126600376 -3.8056583433 -3.7814558175 -2.6855946541 -2.6719504867 -2.5630220209 -2.5450378518 -2.3448195163 -2.3353621585 -2.2607939803 -2.2545931287 0.9628023430 0.9661472086 1.0835484088 1.0856005114 1.4693755771 1.4730009433 1.6629609355 1.6631328935 2.0792168666 2.0802241234 2.2855548378 2.2902191068 2.3230009327 2.3312995080 2.4467683995 2.4520999965 2.9875129122 2.9891837238 3.4247531322 3.4255212465 3.6216602782 3.6264256485 3.7638674762 3.7716698086 3.9661837192 3.9747353211 4.0202069540 4.0452313459 4.6417678820 4.6449640332 5.0538093442 5.0927321755 5.1576793590 5.2276844643 5.3496366717 5.3993188500 5.4699797376 5.5304859227 5.8864116568 5.9128649944 7.0553560363 7.0943528457 7.2027327284 7.2295719303 7.3931171397 7.4546909854 7.9238521618 7.9553113625 8.5913751964 8.6079026565 10.7343035953 10.7479511751 11.0027982344 11.0280836331 11.3486529154 11.3668432193 11.5948709858 11.6130394827 11.7023621933 11.7400556018 12.8214703359 12.8287139850 14.1359966071 14.1456048093 15.1193684386 15.1255390100 15.3108761890 15.3188022668 16.0468212472 16.0634664732 16.2368786796 16.2462334350 16.3379409865 16.3587721627 18.1504511589 18.1608958873 18.5193782787 18.5258746449 19.1687179363 19.1748587473 19.4867924122 19.5239547957 19.7174039102 19.7451572217 19.9599588105 19.9699004799 20.1512318876 20.1659331145 20.4253816745 20.4336349619 20.4585151926 20.4676201298 21.8818899505 21.8970296459 23.2067269843 23.2162497405 24.0091822949 24.0201549320 25.0880103791 25.0984807381 25.9571305425 25.9727503413 26.0136942731 26.0200045532 27.5731558454 27.5821577735 28.3329459933 28.3480410005 28.5825814844 28.5877687875 30.8771026491 30.8815326177 35.2619871616 35.2714501334 36.2865040691 36.3017756731 38.8193059751 38.8436123671 39.9569404318 39.9703453094 40.4449535627 40.4634681746 40.7560709918 40.7593465554 43.4736769785 43.4832724375 44.5427901347 44.5691371486 44.9356474078 44.9550140069 45.3707299643 45.4259587021 46.6717161473 46.6947205832 48.5711587651 48.5791689622 61.5925908661 61.5978112311 62.2399336379 62.2449108231
-42.2043977497 -42.2038991218 -42.2027526870 -42.2022059276 -42.1934844058 -42.1922721402 -42.1891865307 -42.1861513708 -40.7591275037 -40.7576280706 -40.7568788192 -40.7543486908 -40.7481581258 -40.7462690589 -40.7456691061 -40.7426791749 -40.7350291811 -40.7340092580 -40.7318169514 -40.7293038972 -29.4875217162 -29.4874354393 -29.4872953978 -29.4871530157 -29.4820899255 -29.4819709759 -29.4815926879 -29.4815066960 -26.5791759978 -26.5789700213 -26.5787554187 -26.5785742337 -26.5676641775 -26.5671945395 -26.5670527587 -26.5668728346 -26.5510096490 -26.5509041250 -26.5499748481 -26.5498645484 -18.0298503724 -18.0298257852 -17.9917321336 -17.9917280267 -16.7493590158 -16.7492828392 -16.6151341603 -16.6149613334 -13.8486350623 -13.8485128760 -13.4586017759 -13.4584501713 -8.1006512425 -8.0998746967 -7.8626565814 -7.8541735052 -7.5949916071 -7.5932847324 -7.1459555780 -7.1425111142 -6.8617346017 -6.8368551814 -6.5942380829 -6.5693991511 -6.5213338777 -6.4880003477 -6.0968490504 -6.0740978680 -5.8760237302 -5.8693917480 -5.8135202005 -5.8009099954 -5.4018708879 -5.3790304461 -5.0579595354 -5.0381891573 -4.1421091198 -4.1126600376 -3.8056583433 -3.7814558175 -2.6855946541 -2.6719504867 -2.5630220209 -2.5450378518 -2.3448195163 -2.3353621585 -2.2607939803 -2.2545931287 0.9628023430 0.9661472086 1.0835484088 1.0856005114 1.4693755771 1.4730009433 1.6629609355 1.6631328935 2.0792168666 2.0802241234 2.2855548378 2.2902191068 2.3230009327 2.3312995080 2.4467683995 2.4520999965 2.9875129122 2.9891837238 3.4247531322 3.4255212465 3.6216602782 3.6264256485 3.7638674762 3.7716698086 3.9661837192 3.9747353211 4.0202069540 4.0452313459 4.6417678820 4.6449640332 5.0538093442 5.0927321755 5.1576793590 5.2276844643 5.3496366717 5.3993188500 5.4699797376 5.5304859227 5.8864116568 5.9128649944 7.0553560363 7.0943528457 7.2027327284 7.2295719303 7.3931171397 7.4546909854 7.9238521618 7.9553113625 8.5913751964 8.6079026565 10.7343035953 10.7479511751 11.0027982344 11.0280836331 11.3486529154 11.3668432193 11.5948709858 11.6130394827 11.7023621933 11.7400556018 12.8214703359 12.8287139850 14.1359966071 14.1456048093 15.1193684386 15.1255390100 15.3108761890 15.3188022668 16.0468212472 16.0634664732 16.2368786796 16.2462334350 16.3379409865 16.3587721627 18.1504511589 18.1608958873 18.5193782787 18.5258746449 19.1687179363 19.1748587473 19.4867924122 19.5239547957 19.7174039102 19.7451572217 19.9599588105 19.9699004799 20.1512318876 20.1659331145 20.4253816745 20.4336349619 20.4585151926 20.4676201298 21.8818899505 21.8970296459 23.2067269843 23.2162497405 24.0091822949 24.0201549320 25.0880103791 25.0984807381 25.9571305425 25.9727503413 26.0136942731 26.0200045532 27.5731558454 27.5821577735 28.3329459933 28.3480410005 28.5825814844 28.5877687875 30.8771026491 30.8815326177 35.2619871616 35.2714501334 36.2865040691 36.3017756731 38.8193059751 38.8436123671 39.9569404318 39.9703453094 40.4449535627 40.4634681746 40.7560709918 40.7593465554 43.4736769785 43.4832724375 44.5427901347 44.5691371486 44.9356474078 44.9550140070 45.3707299643 45.4259587021 46.6717161473 46.6947205833 48.5711587651 48.5791689622 61.5925908661 61.5978112311 62.2399336379 62.2449108231
-42.2044056258 -42.2038933371 -42.2027623830 -42.2022020454 -42.1934620549 -42.1922884904 -42.1891878940 -42.1861457390 -40.7591307381 -40.7576254695 -40.7568771339 -40.7543442282 -40.7481401377 -40.7462939089 -40.7456866456 -40.7426657840 -40.7349966341 -40.7340365376 -40.7318258909 -40.7292922788 -29.4875211893 -29.4874365129 -29.4873002022 -29.4871525692 -29.4820901635 -29.4819725602 -29.4815905258 -29.4815113727 -26.5791771844 -26.5789709115 -26.5787529362 -26.5785751464 -26.5676571488 -26.5672062089 -26.5670542385 -26.5668744478 -26.5510125433 -26.5509011163 -26.5499777299 -26.5498643639 -18.0298468289 -18.0298223143 -17.9917318472 -17.9917274383 -16.7493569809 -16.7492808425 -16.6151359874 -16.6149633509 -13.8486343940 -13.8485119534 -13.4586049978 -13.4584534956 -8.1006451370 -8.0998837674 -7.8626500644 -7.8541659041 -7.5949913312 -7.5932837964 -7.1459472443 -7.1425238104 -6.8617425332 -6.8368478352 -6.5942511808 -6.5693974598 -6.5213412603 -6.4879944166 -6.0968461767 -6.0740889228 -5.8760220388 -5.8693875730 -5.8135177294 -5.8009082017 -5.4018756241 -5.3790463519 -5.0579477655 -5.0381919881 -4.1421057018 -4.1126516152 -3.8056634294 -3.7814626498 -2.6855884353 -2.6719476738 -2.5630266842 -2.5450456581 -2.3448173690 -2.3353680753 -2.2607925129 -2.2545882976 0.9627879401 0.9661364274 1.0835501126 1.0856122957 1.4693773447 1.4730015600 1.6629460689 1.6631511352 2.0792165247 2.0802344558 2.2855570654 2.2902181719 2.3229958954 2.3312981894 2.4467757986 2.4521070025 2.9875159446 2.9891880446 3.4247267372 3.4255202753 3.6216355295 3.6263981001 3.7638341068 3.7716337560 3.9662079468 3.9747496146 4.0202295177 4.0452426238 4.6417639262 4.6449641996 5.0538282179 5.0927627131 5.1576930753 5.2276989396 5.3496295115 5.3992933791 5.4699986139 5.5304885972 5.8863756838 5.9128264198 7.0553186495 7.0942916915 7.2027212493 7.2295711994 7.3931035702 7.4546898023 7.9238668189 7.9553350259 8.5913259935 8.6078597295 10.7343210730 10.7479687131 11.0026474500 11.0279224044 11.3486413388 11.3668194011 11.5948778893 11.6130485465 11.7024016816 11.7400927752 12.8213760606 12.8286146210 14.1360023922 14.1456099059 15.1193050638 15.1254994830 15.3108479454 15.3187290368 16.0467628383 16.0635080474 16.2368821596 16.2462483147 16.3379462882 16.3586937637 18.1504182341 18.1608365192 18.5193572117 18.5258310789 19.1686981959 19.1748563366 19.4867288738 19.5238442675 19.7173730933 19.7451036122 19.9598808869 19.9698032704 20.1511725915 20.1658824872 20.4254354127 20.4336303080 20.4585423736 20.4675989114 21.8818658206 21.8970028089 23.2064109275 23.2159362965 24.0088363761 24.0198238693 25.0879902514 25.0984594101 25.9569993182 25.9727670321 26.0134916807 26.0202127132 27.5731890537 27.5822032290 28.3328046437 28.3478955495 28.5824771932 28.5876612268 30.8774353155 30.8818695662 35.2616229591 35.2710803334 36.2862284668 36.3014756556 38.8185704094 38.8428050947 39.9565569908 39.9700239045 40.4460085504 40.4647200546 40.7561467555 40.7593134694 43.4744965334 43.4842638675 44.5426194488 44.5690414842 44.9352925999 44.9546656011 45.3725440277 45.4276642222 46.6715342550 46.6942667855 48.5715547106 48.5796392171 61.5909185492 61.5960815726 62.2381567455 62.2430693921
-42.2044056258 -42.2038933371 -42.2027623830 -42.2022020454 -42.1934620549 -42.1922884904 -42.1891878940 -42.1861457390 -40.7591307381 -40.7576254695 -40.7568771339 -40.7543442282 -40.7481401377 -40.7462939089 -40.7456866456 -40.7426657840 -40.7349966341 -40.7340365376 -40.7318258909 -40.7292922788 -29.4875211893 -29.4874365129 -29.4873002022 -29.4871525692 -29.4820901635 -29.4819725602 -29.4815905258 -29.4815113727 -26.5791771844 -26.5789709115 -26.5787529362 -26.5785751464 -26.5676571488 -26.5672062089 -26.5670542385 -26.5668744478 -26.5510125433 -26.5509011163 -26.5499777299 -26.5498643639 -18.0298468289 -18.0298223143 -17.9917318472 -17.9917274383 -16.7493569809 -16.7492808425 -16.6151359874 -16.6149633509 -13.8486343940 -13.8485119534 -13.4586049978 -13.4584534956 -8.1006451370 -8.0998837674 -7.8626500644 -7.8541659041 -7.5949913312 -7.5932837964 -7.1459472443 -7.1425238104 -6.8617425332 -6.8368478352 -6.5942511808 -6.5693974598 -6.5213412603 -6.4879944166 -6.0968461767 -6.0740889228 -5.8760220388 -5.8693875730 -5.8135177294 -5.8009082017 -5.4018756241 -5.3790463519 -5.0579477655 -5.0381919881 -4.1421057018 -4.1126516152 -3.8056634294 -3.7814626498 -2.6855884353 -2.6719476738 -2.5630266842 -2.5450456581 -2.3448173690 -2.3353680753 -2.2607925129 -2.2545882976 0.9627879401 0.9661364274 1.0835501126 1.0856122957 1.4693773447 1.4730015600 1.6629460689 1.6631511352 2.0792165247 2.0802344558 2.2855570654 2.2902181719 2.3229958954 2.3312981894 2.4467757986 2.4521070025 2.9875159446 2.9891880446 3.4247267372 3.4255202753 3.6216355295 3.6263981001 3.7638341068 3.7716337560 3.9662079468 3.9747496146 4.0202295177 4.0452426238 4.6417639262 4.6449641996 5.0538282179 5.0927627131 5.1576930753 5.2276989396 5.3496295115 5.3992933791 5.4699986139 5.5304885972 5.8863756838 5.9128264198 7.0553186495 7.0942916915 7.2027212493 7.2295711994 7.3931035702 7.4546898023 7.9238668189 7.9553350259 8.5913259935 8.6078597295 10.7343210730 10.7479687131 11.0026474500 11.0279224044 11.3486413388 11.3668194011 11.5948778893 11.6130485465 11.7024016816 11.7400927752 12.8213760606 12.8286146210 14.1360023922 14.1456099059 15.1193050638 15.1254994830 15.3108479454 15.3187290368 16.0467628383 16.0635080474 16.2368821596 16.2462483147 16.3379462882 16.3586937637 18.1504182341 18.1608365192 18.5193572117 18.5258310789 19.1686981959 19.1748563366 19.4867288738 19.5238442675 19.7173730933 19.7451036122 19.9598808869 19.9698032704 20.1511725915 20.1658824872 20.4254354127 20.4336303080 20.4585423736 20.4675989114 21.8818658206 21.8970028089 23.2064109275 23.2159362965 24.0088363761 24.0198238693 25.0879902514 25.0984594101 25.9569993182 25.9727670321 26.0134916807 26.0202127132 27.5731890537 27.5822032290 28.3328046437 28.3478955495 28.5824771932 28.5876612268 30.8774353155 30.8818695662 35.2616229591 35.2710803334 36.2862284668 36.3014756556 38.8185704094 38.8428050947 39.9565569908 39.9700239045 40.4460085504 40.4647200546 40.7561467555 40.7593134694 43.4744965334 43.4842638675 44.5426194488 44.5690414842 44.9352925999 44.9546656011 45.3725440277 45.4276642222 46.6715342550 46.6942667855 48.5715547106 48.5796392171 61.5909185492 61.5960815726 62.2381567455 62.2430693921
-42.2046685896 -42.2037736587 -42.2031053889 -42.2021011072 -42.1931835608 -42.1923430883 -42.1888824705 -42.1863218667 -40.7592949835 -40.7576181616 -40.7566976744 -40.7540538766 -40.7479372629 -40.7466318100 -40.7454982701 -40.7437020396 -40.7346088999 -40.7340793451 -40.7311636902 -40.7296431033 -29.4877370412 -29.4875619844 -29.4875200648 -29.4873059239 -29.4819640899 -29.4817748523 -29.4814746853 -29.4814153603 -26.5803310269 -26.5802703670 -26.5800408586 -26.5796635353 -26.5661692655 -26.5660108300 -26.5656225490 -26.5655079808 -26.5511365349 -26.5510708529 -26.5500426185 -26.5499169077 -18.0297556505 -18.0297298568 -17.9916447751 -17.9916401740 -16.7493033654 -16.7492274703 -16.6151260156 -16.6149551450 -13.8486372469 -13.8485152517 -13.4587785893 -13.4586312003 -8.1030926624 -8.1024071850 -7.8636446856 -7.8552752946 -7.5973632413 -7.5957106473 -7.1461737914 -7.1428339605 -6.8603689327 -6.8356127868 -6.5888251875 -6.5639241613 -6.5176281863 -6.4841962083 -6.0997842376 -6.0769495753 -5.8700721203 -5.8630167643 -5.8113695804 -5.7991773129 -5.4063565080 -5.3828758576 -5.0593516424 -5.0393921701 -4.1453450445 -4.1151146254 -3.8062883677 -3.7815428935 -2.6879162263 -2.6744275691 -2.5656215934 -2.5477363367 -2.3376606929 -2.3278673923 -2.2604711108 -2.2542693674 0.9592445946 0.9626231852 1.0819914037 1.0840587198 1.4635009334 1.4670822726 1.6573558711 1.6576268360 2.0777094444 2.0787504743 2.2849680211 2.2890391677 2.3319208603 2.3390848787 2.4576058685 2.4625284740 2.9841481254 2.9858100020 3.4194745894 3.4199424477 3.6155086847 3.6202760677 3.7701510173 3.7781618519 3.9741856769 3.9843761492 4.0188389947 4.0452945764 4.6388954258 4.6423567182 5.0579583781 5.0958268707 5.1607277072 5.2288628719 5.3512018981 5.4045291488 5.4635455535 5.5282904516 5.8785978684 5.9049679562 7.0518314013 7.0900088177 7.2000102239 7.2272160419 7.3970487719 7.4586292588 7.9315188924 7.9628166929 8.5864377835 8.6029689215 10.7336314653 10.7467403538 10.9935303739 11.0187783126 11.3558351687 11.3738667877 11.5964890486 11.6145072641 11.7064053547 11.7439660844 12.8173851422 12.8244800380 14.1345084525 14.1441300873 15.1163671785 15.1225166372 15.3068532705 15.3146317985 16.0513934954 16.0694261101 16.2355800418 16.2458199475 16.3413944350 16.3619409780 18.1443058095 18.1548244209 18.5150591337 18.5215812772 19.1749017344 19.1810529585 19.4910748796 19.5296218209 19.7155297518 19.7440828217 19.9575330200 19.9674239190 20.1494771208 20.1644468185 20.4275684072 20.4357923902 20.4608258634 20.4698492027 21.8777057268 21.8928664736 23.1946389567 23.2043470493 23.9985826491 24.0097038907 25.0852630125 25.0955489768 25.9694097311 25.9851835632 26.0268933662 26.0325972875 27.5714761373 27.5806773782 28.3275898958 28.3428210931 28.5786444916 28.5836835961 30.8841953571 30.8886001225 35.2494655008 35.2586580563 36.2704529700 36.2852616802 38.9077552381 38.9321013464 40.0374901459 40.0561844516 40.4255235417 40.4495883530 40.7269937986 40.7298582169 43.4060909790 43.4151192689 44.4791537632 44.5039672608 44.8967212758 44.9154187449 45.3212156026 45.3767162327 46.6081916459 46.6325269517 48.5421284297 48.5500130778 61.5555629156 61.5607409861 62.2089145619 62.2138168034
-42.2046685896 -42.2037736587 -42.2031053889 -42.2021011072 -42.1931835608 -42.1923430883 -42.1888824705 -42.1863218667 -40.7592949835 -40.7576181616 -40.7566976744 -40.7540538766 -40.7479372629 -40.7466318100 -40.7454982701 -40.7437020396 -40.7346088999 -40.7340793451 -40.7311636902 -40.7296431033 -29.4877370412 -29.4875619844 -29.4875200648 -29.4873059239 -29.4819640899 -29.4817748523 -29.4814746853 -29.4814153603 -26.5803310269 -26.5802703670 -26.5800408586 -26.5796635353 -26.5661692655 -26.5660108300 -26.5656225490 -26.5655079808 -26.5511365349 -26.5510708529 -26.5500426185 -26.5499169077 -18.0297556505 -18.0297298568 -17.9916447751 -17.9916401740 -16.7493033654 -16.7492274703 -16.6151260156 -16.6149551450 -13.8486372469 -13.8485152517 -13.4587785893 -13.4586312003 -8.1030926624 -8.1024071850 -7.8636446856 -7.8552752946 -7.5973632413 -7.5957106473 -7.1461737914 -7.1428339605 -6.8603689327 -6.8356127868 -6.5888251875 -6.5639241613 -6.5176281863 -6.4841962083 -6.0997842376 -6.0769495753 -5.8700721203 -5.8630167643 -5.8113695804 -5.7991773129 -5.4063565080 -5.3828758576 -5.0593516424 -5.0393921701 -4.1453450445 -4.1151146254 -3.8062883677 -3.7815428935 -2.6879162263 -2.6744275691 -2.5656215934 -2.5477363367 -2.3376606929 -2.3278673923 -2.2604711108 -2.2542693674 0.9592445946 0.9626231852 1.0819914037 1.0840587198 1.4635009334 1.4670822726 1.6573558711 1.6576268360 2.0777094444 2.0787504743 2.2849680211 2.2890391677 2.3319208603 2.3390848787 2.4576058685 2.4625284740 2.9841481254 2.9858100020 3.4194745894 3.4199424477 3.6155086847 3.6202760677 3.7701510173 3.7781618519 3.9741856769 3.9843761492 4.0188389947 4.0452945764 4.6388954258 4.6423567182 5.0579583781 5.0958268707 5.1607277072 5.2288628719 5.3512018981 5.4045291488 5.4635455535 5.5282904516 5.8785978684 5.9049679562 7.0518314013 7.0900088177 7.2000102239 7.2272160419 7.3970487719 7.4586292588 7.9315188924 7.9628166929 8.5864377835 8.6029689215 10.7336314653 10.7467403538 10.9935303739 11.0187783126 11.3558351687 11.3738667877 11.5964890486 11.6145072641 11.7064053547 11.7439660844 12.8173851422 12.8244800380 14.1345084525 14.1441300873 15.1163671785 15.1225166372 15.3068532705 15.3146317985 16.0513934954 16.0694261101 16.2355800418 16.2458199475 16.3413944350 16.3619409780 18.1443058095 18.1548244209 18.5150591337 18.5215812772 19.1749017344 19.1810529585 19.4910748796 19.5296218209 19.7155297518 19.7440828217 19.9575330200 19.9674239190 20.1494771208 20.1644468185 20.4275684072 20.4357923902 20.4608258634 20.4698492027 21.8777057268 21.8928664736 23.1946389567 23.2043470493 23.9985826491 24.0097038907 25.0852630125 25.0955489768 25.9694097311 25.9851835632 26.0268933662 26.0325972875 27.5714761373 27.5806773782 28.3275898958 28.3428210931 28.5786444916 28.5836835961 30.8841953571 30.8886001225 35.2494655008 35.2586580563 36.2704529700 36.2852616802 38.9077552381 38.9321013464 40.0374901460 40.0561844516 40.4255235417 40.4495883530 40.7269937986 40.7298582169 43.4060909790 43.4151192689 44.4791537632 44.5039672608 44.8967212758 44.9154187449 45.3212156026 45.3767162327 46.6081916459 46.6325269517 48.5421284297 48.5500130778 61.5555629156 61.5607409861 62.2089145620 62.2138168034
-42.2055249039 -42.2047429012 -42.2039839897 -42.2029577585 -42.1950806684 -42.1934009113 -42.1909214169 -42.1873376128 -40.7599675226 -40.7585465674 -40.7580860164 -40.7555160804 -40.7494165118 -40.7481947487 -40.7463632693 -40.7436304656 -40.7363228210 -40.7353579585 -40.7326987473 -40.7299794795 -29.4882470510 -29.4881914510 -29.4877063714 -29.4876298585 -29.4826806114 -29.4825273922 -29.4820690354 -29.4819982412 -26.5793715561 -26.5791895181 -26.5790609021 -26.5789962227 -26.5689421777 -26.5688399570 -26.5683671174 -26.5682296113 -26.5514651794 -26.5514331277 -26.5503404160 -26.5503300411 -17.9900744824 -17.9900508773 -17.9531816359 -17.9531731526 -16.7288969827 -16.7287979524 -16.5954445799 -16.5952764834 -13.8884341643 -13.8883119335 -13.5183642936 -13.5183117811 -8.1886397274 -8.1882741409 -7.9211731904 -7.9089630223 -7.7138308938 -7.7106949239 -7.3390085270 -7.3302817276 -7.0862486561 -7.0812998613 -6.6861599515 -6.6711576533 -6.3118421116 -6.2826646460 -6.1968553139 -6.1903524396 -5.9885335021 -5.9645420844 -5.9219231344 -5.8940092360 -5.3764141350 -5.3601951043 -5.1747705814 -5.1496025164 -3.9985336141 -3.9747780055 -3.7510015283 -3.7273470667 -2.6371807522 -2.6268345160 -2.4569090012 -2.4384657762 -2.3064481017 -2.3024793593 -2.1772097239 -2.1707406227 0.9933102577 0.9951326328 1.0830642612 1.0884955293 1.2600744090 1.2681185373 1.4779083482 1.4781398083 2.0815742138 2.0829547718 2.2578928366 2.2607715621 2.4640560948 2.4678933400 2.4991374849 2.4997420455 3.0793560914 3.0826845486 3.3314539784 3.3352149758 3.4726450475 3.4740508290 3.5097374969 3.5145862869 4.3994691709 4.4067718782 4.5068098643 4.5240896071 4.6225313194 4.6388193626 4.6640059567 4.6838012307 4.9105783651 4.9420239343 5.5195664936 5.5374069905 5.9317544742 5.9454526589 6.1332004705 6.1384595220 6.8374484256 6.9281785502 7.0722045112 7.1066152627 7.2509328125 7.3212609674 7.6636352809 7.6726351142 8.7010098072 8.7169530558 10.5661061260 10.5692406737 10.8691180563 10.9182985204 11.2308035309 11.2693199429 11.2849924539 11.2973090824 11.9214556758 11.9324961411 12.7729596885 12.7851389110 14.0624932536 14.0741135749 14.8633874869 14.8747816878 15.0701070211 15.0772371860 15.6485783126 15.6532344244 15.8835057250 15.8906046626 16.7713904111 16.7795356620 17.9102582366 17.9119385924 18.0866996713 18.0899805484 18.5397534030 18.5560301834 18.7025698332 18.7049475655 19.8014629166 19.8021295600 19.9261863327 19.9331026938 20.1277714852 20.1415071106 20.1802855501 20.1903887030 20.2793363299 20.2863275241 22.1420121166 22.1458235507 23.6349845252 23.6488803714 23.7287676092 23.7332331917 24.2104519135 24.2180764832 25.0021373207 25.0028232313 25.0936061487 25.0957485977 27.3910336146 27.3966200465 27.9871846951 27.9898375174 28.9341926758 28.9394749820 30.7099220804 30.7137763123 34.4454343453 34.4474162766 34.5737680858 34.5751465608 38.4334199451 38.4407300475 39.2116731112 39.2195769280 39.8089793550 39.8132671423 39.9215730799 39.9273339289 41.6027653517 41.6047536282 41.7953111663 41.8028056330 45.2478345715 45.2520380023 45.9059116206 45.9119980320 46.6077105444 46.6103550403 47.6429843750 47.6431314254 61.5560854078 61.5614016251 62.0790212499 62.0825150547
-42.2055249039 -42.2047429012 -42.2039839897 -42.2029577585 -42.1950806684 -42.1934009113 -42.1909214169 -42.1873376128 -40.7599675226 -40.7585465674 -40.7580860164 -40.7555160804 -40.7494165118 -40.7481947487 -40.7463632693 -40.7436304656 -40.7363228210 -40.7353579585 -40.7326987473 -40.7299794795 -29.4882470510 -29.4881914510 -29.4877063714 -29.4876298585 -29.4826806114 -29.4825273922 -29.4820690354 -29.4819982412 -26.5793715561 -26.5791895181 -26.5790609021 -26.5789962227 -26.5689421777 -26.5688399570 -26.5683671174 -26.5682296113 -26.5514651794 -26.5514331277 -26.5503404160 -26.5503300411 -17.9900744824 -17.9900508773 -17.9531816359 -17.9531731526 -16.7288969827 -16.7287979524 -16.5954445799 -16.5952764834 -13.8884341643 -13.8883119335 -13.5183642936 -13.5183117811 -8.1886397274 -8.1882741409 -7.9211731904 -7.9089630223 -7.7138308938 -7.7106949239 -7.3390085270 -7.3302817276 -7.0862486561 -7.0812998613 -6.6861599515 -6.6711576533 -6.3118421116 -6.2826646460 -6.1968553139 -6.1903524396 -5.9885335021 -5.9645420844 -5.9219231344 -5.8940092360 -5.3764141350 -5.3601951043 -5.1747705814 -5.1496025164 -3.9985336141 -3.9747780055 -3.7510015283 -3.7273470667 -2.6371807522 -2.6268345160 -2.4569090012 -2.4384657762 -2.3064481017 -2.3024793593 -2.1772097239 -2.1707406227 0.9933102577 0.9951326328 1.0830642612 1.0884955293 1.2600744090 1.2681185373 1.4779083482 1.4781398083 2.0815742138 2.0829547718 2.2578928366 2.2607715621 2.4640560948 2.4678933400 2.4991374849 2.4997420455 3.0793560914 3.0826845486 3.3314539784 3.3352149758 3.4726450475 3.4740508290 3.5097374969 3.5145862869 4.3994691709 4.4067718782 4.5068098643 4.5240896071 4.6225313194 4.6388193626 4.6640059567 4.6838012307 4.9105783651 4.9420239343 5.5195664936 5.5374069905 5.9317544742 5.9454526589 6.1332004705 6.1384595220 6.8374484256 6.9281785502 7.0722045112 7.1066152627 7.2509328125 7.3212609674 7.6636352809 7.6726351142 8.7010098072 8.7169530558 10.5661061260 10.5692406737 10.8691180563 10.9182985204 11.2308035309 11.2693199429 11.2849924539 11.2973090824 11.9214556758 11.9324961411 12.7729596885 12.7851389110 14.0624932536 14.0741135749 14.8633874869 14.8747816878 15.0701070211 15.0772371860 15.6485783126 15.6532344244 15.8835057250 15.8906046626 16.7713904111 16.7795356620 17.9102582366 17.9119385924 18.0866996713 18.0899805484 18.5397534030 18.5560301834 18.7025698332 18.7049475655 19.8014629166 19.8021295600 19.9261863327 19.9331026938 20.1277714852 20.1415071106 20.1802855501 20.1903887030 20.2793363299 20.2863275241 22.1420121166 22.1458235507 23.6349845252 23.6488803714 23.7287676092 23.7332331917 24.2104519135 24.2180764832 25.0021373207 25.0028232313 25.0936061487 25.0957485977 27.3910336146 27.3966200465 27.9871846951 27.9898375174 28.9341926758 28.9394749820 30.7099220804 30.7137763123 34.4454343453 34.4474162766 34.5737680858 34.5751465608 38.4334199451 38.4407300475 39.2116731112 39.2195769280 39.8089793550 39.8132671423 39.9215730799 39.9273339289 41.6027653517 41.6047536282 41.7953111663 41.8028056330 45.2478345715 45.2520380023 45.9059116206 45.9119980320 46.6077105444 46.6103550403 47.6429843750 47.6431314254 61.5560854078 61.5614016251 62.0790212499 62.0825150547
-42.2053787878 -42.2047672173 -42.2040036105 -42.2032533499 -42.1947971917 -42.1932703292 -42.1908917977 -42.1876119618 -40.7604031827 -40.7588810987 -40.7577655240 -40.7551851551 -40.7489132485 -40.7472292274 -40.7469774866 -40.7445972431 -40.7358338350 -40.7348503101 -40.7328393230 -40.7305804117 -29.4884998385 -29.4884280367 -29.4878535731 -29.4877585628 -29.4825079820 -29.4823434305 -29.4819816167 -29.4819052744 -26.5810886308 -26.5806684888 -26.5805451417 -26.5803524240 -26.5674161661 -26.5669502199 -26.5666661781 -26.5665431614 -26.5516835005 -26.5516073690 -26.5504019162 -26.5503738966 -17.9900154620 -17.9899916630 -17.9531505259 -17.9531422128 -16.7288390203 -16.7287389276 -16.5954469347 -16.5952781705 -13.8885263861 -13.8884050439 -13.5185805078 -13.5185247595 -8.1912837798 -8.1908883238 -7.9216572342 -7.9094293779 -7.7163247267 -7.7130103737 -7.3391574878 -7.3305027422 -7.0851592127 -7.0803447033 -6.6841858002 -6.6692589885 -6.3108646715 -6.2823437131 -6.1891602849 -6.1835598949 -5.9827800876 -5.9583835433 -5.9258726541 -5.8972054919 -5.3799315050 -5.3636391830 -5.1763603950 -5.1510507931 -4.0007172101 -3.9769981367 -3.7473293563 -3.7236693090 -2.6424134767 -2.6318881754 -2.4616160431 -2.4436140196 -2.3007174102 -2.2973736787 -2.1740675636 -2.1675639068 0.9885390852 0.9903621588 1.0805482591 1.0859192839 1.2565821245 1.2646328011 1.4772096468 1.4774242514 2.0811427458 2.0824992762 2.2574983394 2.2602478312 2.4670336369 2.4712629473 2.5024232006 2.5043237302 3.0789449209 3.0822960962 3.3324265178 3.3364927314 3.4710609926 3.4729430645 3.5089060527 3.5138451491 4.4032558560 4.4108711430 4.5100065882 4.5268123232 4.6247450889 4.6412806769 4.6658762257 4.6856523724 4.9088452663 4.9401488102 5.5154916665 5.5332674939 5.9289896661 5.9426964499 6.1303589293 6.1358720807 6.8360683539 6.9257394486 7.0725012100 7.1049374389 7.2521367349 7.3236155360 7.6659771573 7.6749771091 8.6969343629 8.7130473388 10.5592463755 10.5623475216 10.8648601117 10.9133160361 11.2385657275 11.2762619670 11.2940052627 11.3060099360 11.9181647195 11.9295409426 12.7697556180 12.7820187480 14.0605209600 14.0720955930 14.8630621953 14.8744730848 15.0697549196 15.0768979867 15.6475949837 15.6522521620 15.8827767459 15.8898951621 16.7715459628 16.7796860056 17.9066136461 17.9083878429 18.0841223161 18.0874930736 18.5393585711 18.5554804777 18.7036004789 18.7059350501 19.8032034745 19.8038125961 19.9282147278 19.9351317453 20.1265577624 20.1401837657 20.1804764155 20.1906889844 20.2783744678 20.2855753014 22.1398736782 22.1437066348 23.6288046587 23.6425997425 23.7233799784 23.7285929572 24.2045810910 24.2120233606 24.9970034829 24.9977080871 25.0902843454 25.0924202681 27.3894475117 27.3950240124 27.9839908783 27.9866667384 28.9280106273 28.9332549762 30.7027210977 30.7065902805 34.4268070062 34.4288872434 34.5611364600 34.5625824862 38.4044745828 38.4117319314 39.1714119476 39.1794254431 39.7515467822 39.7562001333 39.8774631155 39.8837159356 41.5509215069 41.5528410050 41.7448631214 41.7524076382 45.2267782525 45.2309545525 45.8421263025 45.8498460515 46.5285856441 46.5332316742 47.6002847146 47.6009652015 61.5264692984 61.5318047579 62.0472705947 62.0507843310
-42.2053787878 -42.2047672173 -42.2040036105 -42.2032533499 -42.1947971917 -42.1932703292 -42.1908917977 -42.1876119618 -40.7604031827 -40.7588810987 -40.7577655240 -40.7551851551 -40.7489132485 -40.7472292274 -40.7469774866 -40.7445972431 -40.7358338351 -40.7348503101 -40.7328393230 -40.7305804117 -29.4884998385 -29.4884280367 -29.4878535731 -29.4877585628 -29.4825079820 -29.4823434305 -29.4819816167 -29.4819052744 -26.5810886308 -26.5806684888 -26.5805451417 -26.5803524240 -26.5674161661 -26.5669502199 -26.5666661781 -26.5665431614 -26.5516835005 -26.5516073690 -26.5504019162 -26.5503738966 -17.9900154620 -17.9899916630 -17.9531505259 -17.9531422128 -16.7288390203 -16.7287389276 -16.5954469347 -16.5952781705 -13.8885263861 -13.8884050439 -13.5185805078 -13.5185247595 -8.1912837798 -8.1908883238 -7.9216572342 -7.9094293779 -7.7163247267 -7.7130103737 -7.3391574878 -7.3305027422 -7.0851592127 -7.0803447033 -6.6841858002 -6.6692589885 -6.3108646715 -6.2823437131 -6.1891602849 -6.1835598949 -5.9827800876 -5.9583835433 -5.9258726541 -5.8972054919 -5.3799315050 -5.3636391830 -5.1763603950 -5.1510507931 -4.0007172101 -3.9769981367 -3.7473293563 -3.7236693090 -2.6424134767 -2.6318881754 -2.4616160431 -2.4436140196 -2.3007174102 -2.2973736787 -2.1740675636 -2.1675639068 0.9885390852 0.9903621588 1.0805482591 1.0859192839 1.2565821245 1.2646328011 1.4772096468 1.4774242514 2.0811427458 2.0824992762 2.2574983394 2.2602478312 2.4670336369 2.4712629473 2.5024232006 2.5043237302 3.0789449209 3.0822960962 3.3324265178 3.3364927314 3.4710609926 3.4729430645 3.5089060527 3.5138451491 4.4032558560 4.4108711430 4.5100065882 4.5268123232 4.6247450889 4.6412806769 4.6658762257 4.6856523724 4.9088452663 4.9401488102 5.5154916665 5.5332674939 5.9289896661 5.9426964499 6.1303589293 6.1358720807 6.8360683539 6.9257394486 7.0725012100 7.1049374389 7.2521367349 7.3236155360 7.6659771573 7.6749771091 8.6969343629 8.7130473388 10.5592463755 10.5623475216 10.8648601117 10.9133160361 11.2385657275 11.2762619670 11.2940052627 11.3060099360 11.9181647195 11.9295409426 12.7697556180 12.7820187480 14.0605209600 14.0720955930 14.8630621952 14.8744730848 15.0697549196 15.0768979867 15.6475949837 15.6522521620 15.8827767459 15.8898951621 16.7715459628 16.7796860056 17.9066136461 17.9083878429 18.0841223161 18.0874930736 18.5393585711 18.5554804777 18.7036004789 18.7059350501 19.8032034745 19.8038125961 19.9282147278 19.9351317453 20.1265577624 20.1401837657 20.1804764155 20.1906889844 20.2783744678 20.2855753014 22.1398736782 22.1437066348 23.6288046587 23.6425997425 23.7233799784 23.7285929572 24.2045810910 24.2120233606 24.9970034829 24.9977080871 25.0902843454 25.0924202681 27.3894475117 27.3950240124 27.9839908783 27.9866667384 28.9280106273 28.9332549762 30.7027210977 30.7065902805 34.4268070062 34.4288872434 34.5611364600 34.5625824862 38.4044745828 38.4117319314 39.1714119476 39.1794254431 39.7515467822 39.7562001333 39.8774631155 39.8837159356 41.5509215069 41.5528410050 41.7448631214 41.7524076382 45.2267782525 45.2309545525 45.8421263024 45.8498460515 46.5285856441 46.5332316742 47.6002847146 47.6009652015 61.5264692984 61.5318047579 62.0472705947 62.0507843310
-42.2053726937 -42.2047715184 -42.2039990121 -42.2032639846 -42.1947819842 -42.1932774106 -42.1908947540 -42.1876122892 -40.7604061908 -40.7588825606 -40.7577633975 -40.7551822678 -40.7488995162 -40.7472411455 -40.7469741274 -40.7446010850 -40.7358193453 -40.7348646567 -40.7328493808 -40.7305721106 -29.4884918665 -29.4884265128 -29.4878613246 -29.4877603862 -29.4825084605 -29.4823431015 -29.4819811961 -29.4819069404 -26.5810888484 -26.5806679297 -26.5805376976 -26.5803520609 -26.5674092441 -26.5669581413 -26.5666643875 -26.5665502617 -26.5516856693 -26.5516019280 -26.5504023943 -26.5503743029 -17.9900180958 -17.9899947365 -17.9531498383 -17.9531417435 -16.7288430164 -16.7287426992 -16.5954496054 -16.5952805970 -13.8885323877 -13.8884111199 -13.5185797879 -13.5185252318 -8.1912850528 -8.1908912810 -7.9216523155 -7.9094254355 -7.7163324879 -7.7130197633 -7.3391440927 -7.3305005342 -7.0851474551 -7.0803429695 -6.6841899111 -6.6692692939 -6.3108642202 -6.2823400163 -6.1891754531 -6.1835362057 -5.9827803382 -5.9583926203 -5.9258680582 -5.8972100361 -5.3799347645 -5.3636404053 -5.1763672391 -5.1510498482 -4.0007132511 -3.9770015361 -3.7473275121 -3.7236618755 -2.6424111431 -2.6318839729 -2.4616205611 -2.4436077678 -2.3007151306 -2.2973764040 -2.1740590636 -2.1675615986 0.9885333127 0.9903625416 1.0805427920 1.0859187803 1.2565693021 1.2646208677 1.4771830809 1.4774447716 2.0811407934 2.0825065093 2.2575029033 2.2602512869 2.4670533420 2.4712620727 2.5025011655 2.5042394109 3.0789460557 3.0823020122 3.3324448145 3.3364850703 3.4710684211 3.4729387754 3.5089020387 3.5138395539 4.4032577981 4.4108747199 4.5100052988 4.5268067515 4.6247308606 4.6412774451 4.6658884339 4.6856527856 4.9088451475 4.9401548610 5.5154760187 5.5332511497 5.9290035943 5.9427173692 6.1303599821 6.1359088126 6.8360457946 6.9257224629 7.0724908285 7.1049198635 7.2521423011 7.3236303968 7.6659794525 7.6749721889 8.6969673919 8.7130827766 10.5591836840 10.5622724777 10.8648481614 10.9133107726 11.2385192880 11.2762269194 11.2940838179 11.3061076148 11.9181411619 11.9295263277 12.7697473456 12.7820041018 14.0605389636 14.0721172487 14.8630455415 14.8744556656 15.0697343142 15.0768794402 15.6476967094 15.6523632543 15.8828730889 15.8899780396 16.7715001052 16.7796301673 17.9066765034 17.9084467138 18.0840570747 18.0874101275 18.5391681900 18.5553245193 18.7035666453 18.7058975536 19.8032008848 19.8038436691 19.9282003350 19.9351453147 20.1264298952 20.1400597804 20.1802535479 20.1904730895 20.2782478619 20.2854400646 22.1397471856 22.1435714017 23.6288268120 23.6424819618 23.7235716000 23.7284818883 24.2049116753 24.2123470926 24.9969546743 24.9982217011 25.0903638065 25.0927538767 27.3895748875 27.3951691669 27.9838722659 27.9865660965 28.9278095705 28.9330671196 30.7028484593 30.7067091330 34.4264444833 34.4286918337 34.5604854501 34.5620960036 38.4044573699 38.4118232665 39.1697494045 39.1778690335 39.7514831338 39.7561408669 39.8784935300 39.8850455637 41.5539907698 41.5586681297 41.7485412055 41.7573361825 45.2296959270 45.2338650160 45.8333286936 45.8407117289 46.5213192477 46.5257963341 47.6050612834 47.6055232788 61.5241171418 61.5294191514 62.0447177046 62.0481857887
-42.2053726937 -42.2047715184 -42.2039990121 -42.2032639846 -42.1947819842 -42.1932774106 -42.1908947540 -42.1876122892 -40.7604061908 -40.7588825606 -40.7577633975 -40.7551822678 -40.7488995162 -40.7472411455 -40.7469741274 -40.7446010850 -40.7358193453 -40.7348646567 -40.7328493808 -40.7305721106 -29.4884918665 -29.4884265128 -29.4878613246 -29.4877603862 -29.4825084605 -29.4823431015 -29.4819811961 -29.4819069404 -26.5810888484 -26.5806679297 -26.5805376976 -26.5803520609 -26.5674092441 -26.5669581413 -26.5666643875 -26.5665502617 -26.5516856693 -26.5516019280 -26.5504023943 -26.5503743029 -17.9900180958 -17.9899947365 -17.9531498383 -17.9531417435 -16.7288430164 -16.7287426992 -16.5954496054 -16.5952805970 -13.8885323877 -13.8884111199 -13.5185797879 -13.5185252318 -8.1912850528 -8.1908912810 -7.9216523155 -7.9094254355 -7.7163324879 -7.7130197633 -7.3391440927 -7.3305005342 -7.0851474551 -7.0803429695 -6.6841899111 -6.6692692939 -6.3108642202 -6.2823400163 -6.1891754531 -6.1835362057 -5.9827803382 -5.9583926203 -5.9258680582 -5.8972100361 -5.3799347645 -5.3636404053 -5.1763672391 -5.1510498482 -4.0007132511 -3.9770015361 -3.7473275121 -3.7236618755 -2.6424111431 -2.6318839729 -2.4616205611 -2.4436077678 -2.3007151306 -2.2973764040 -2.1740590636 -2.1675615986 0.9885333127 0.9903625416 1.0805427920 1.0859187803 1.2565693021 1.2646208677 1.4771830809 1.4774447716 2.0811407934 2.0825065093 2.2575029033 2.2602512869 2.4670533420 2.4712620727 2.5025011655 2.5042394109 3.0789460557 3.0823020122 3.3324448145 3.3364850703 3.4710684211 3.4729387754 3.5089020387 3.5138395539 4.4032577981 4.4108747199 4.5100052988 4.5268067515 4.6247308606 4.6412774451 4.6658884339 4.6856527856 4.9088451475 4.9401548610 5.5154760187 5.5332511497 5.9290035943 5.9427173692 6.1303599821 6.1359088126 6.8360457946 6.9257224629 7.0724908285 7.1049198635 7.2521423011 7.3236303968 7.6659794525 7.6749721889 8.6969673919 8.7130827766 10.5591836840 10.5622724777 10.8648481614 10.9133107726 11.2385192880 11.2762269194 11.2940838179 11.3061076148 11.9181411619 11.9295263277 12.7697473456 12.7820041018 14.0605389636 14.0721172487 14.8630455415 14.8744556656 15.0697343142 15.0768794402 15.6476967094 15.6523632543 15.8828730889 15.8899780396 16.7715001052 16.7796301673 17.9066765034 17.9084467138 18.0840570747 18.0874101275 18.5391681900 18.5553245193 18.7035666453 18.7058975536 19.8032008848 19.8038436691 19.9282003350 19.9351453147 20.1264298952 20.1400597804 20.1802535479 20.1904730895 20.2782478619 20.2854400646 22.1397471856 22.1435714017 23.6288268120 23.6424819618 23.7235716000 23.7284818883 24.2049116753 24.2123470926 24.9969546743 24.9982217011 25.0903638065 25.0927538767 27.3895748875 27.3951691669 27.9838722659 27.9865660965 28.9278095705 28.9330671196 30.7028484593 30.7067091330 34.4264444833 34.4286918337 34.5604854501 34.5620960036 38.4044573699 38.4118232665 39.1697494045 39.1778690335 39.7514831338 39.7561408669 39.8784935300 39.8850455637 41.5539907698 41.5586681297 41.7485412055 41.7573361825 45.2296959270 45.2338650160 45.8333286936 45.8407117289 46.5213192477 46.5257963341 47.6050612834 47.6055232788 61.5241171418 61.5294191514 62.0447177046 62.0481857887
