-5.2664321010 -5.2664321010 -5.2500892231 -5.2500892231 -5.2474401704 -5.2474401704 -5.2275709624 -5.2275709624 -5.2260385242 -5.2260385242 -5.2232896550 -5.2232896550 -5.1382967531 -5.1382967531 -5.1372391937 -5.1372391937 -5.1306717694 -5.1306717694 -5.1197412763 -5.1197412763 -5.1044680034 -5.1044680034 -5.1019202378 -5.1019202378 -5.0259924148 -5.0259924148 -5.0102210148 -5.0102210148 -5.0006239846 -5.0006239846 -4.9762119587 -4.9762119587 -4.9582940187 -4.9582940187 -4.9542998502 -4.9542998502 -4.8085724282 -4.8085724282
-5.2703160430 -5.2638191880 -5.2528590868 -5.2509548053 -5.2476243543 -5.2432499263 -5.2309323592 -5.2292310308 -5.2253545752 -5.2250461929 -5.2217040411 -5.2206173953 -5.1418517676 -5.1397570922 -5.1367170067 -5.1344952631 -5.1318428254 -5.1283854744 -5.1204232375 -5.1196299399 -5.1059963971 -5.1051386616 -5.1010966509 -5.0998588645 -5.0270619846 -5.0254575166 -5.0132453836 -5.0082095748 -5.0002359735 -4.9999942979 -4.9783809815 -4.9746801890 -4.9590963941 -4.9585318571 -4.9534008699 -4.9532743118 -4.8094860083 -4.8083117063
-5.2749004062 -5.2635052286 -5.2565809162 -5.2521476482 -5.2454198399 -5.2391667467 -5.2345764657 -5.2322706046 -5.2247112700 -5.2239508460 -5.2175953209 -5.2168480965 -5.1458733411 -5.1428387108 -5.1364938273 -5.1342213576 -5.1296626978 -5.1264389594 -5.1210010703 -5.1201433036 -5.1076799538 -5.1064187617 -5.0989539236 -5.0970145828 -5.0285924903 -5.0255980304 -5.0165319516 -5.0076965300 -4.9994386029 -4.9979540647 -4.9809955957 -4.9739181561 -4.9601954749 -4.9590447858 -4.9514176097 -4.9510314683 -4.8110288940 -4.8087085974
-5.2798844246 -5.2664325671 -5.2586480116 -5.2535041284 -5.2426753427 -5.2383359684 -5.2373958076 -5.2327679728 -5.2236771737 -5.2224919437 -5.2131660655 -5.2126393836 -5.1500025820 -5.1464247656 -5.1367847754 -5.1350278023 -5.1270850364 -5.1263394850 -5.1216146840 -5.1191710113 -5.1088604079 -5.1074832769 -5.0965310277 -5.0939677626 -5.0305254259 -5.0267366067 -5.0194610858 -5.0081693381 -4.9985369628 -4.9951563794 -4.9838136019 -4.9739126126 -4.9611541162 -4.9591456995 -4.9490375006 -4.9481657929 -4.8131602920 -4.8097471209
-5.2851120377 -5.2711778976 -5.2600099259 -5.2550366674 -5.2427594022 -5.2405916725 -5.2377793292 -5.2294995001 -5.2221962749 -5.2206749904 -5.2088411095 -5.2078755632 -5.1541974416 -5.1502609560 -5.1374946939 -5.1360255168 -5.1286725606 -5.1260343148 -5.1211246436 -5.1163897676 -5.1094552860 -5.1083352764 -5.0939789592 -5.0908478021 -5.0328074870 -5.0292286284 -5.0215308563 -5.0090891942 -4.9976976467 -4.9926379107 -4.9862618716 -4.9744613444 -4.9619111114 -4.9587787140 -4.9464327174 -4.9449246557 -4.8158238685 -4.8113897485
-5.2904976958 -5.2764802589 -5.2615364851 -5.2567264089 -5.2458414654 -5.2438298051 -5.2345093012 -5.2260507205 -5.2202368406 -5.2185361412 -5.2044648733 -5.2027859953 -5.1584392806 -5.1542361584 -5.1386593531 -5.1372817288 -5.1309944574 -5.1280691794 -5.1188287247 -5.1133957579 -5.1093932661 -5.1089036334 -5.0913681823 -5.0877101310 -5.0353925343 -5.0328096924 -5.0229130371 -5.0102545513 -4.9970495395 -4.9926869325 -4.9862038212 -4.9752670310 -4.9624800157 -4.9580829445 -4.9436762330 -4.9414338827 -4.8189508916 -4.8135796980
-5.2959907472 -5.2819982589 -5.2633173503 -5.2585424033 -5.2490876020 -5.2471625188 -5.2310136636 -5.2230592357 -5.2177378215 -5.2161061047 -5.1999564881 -5.1974955598 -5.1627153179 -5.1582977591 -5.1403902476 -5.1389218784 -5.1332940818 -5.1306161779 -5.1169319384 -5.1113946083 -5.1086080729 -5.1081489439 -5.0887436841 -5.0845854111 -5.0382438983 -5.0369552599 -5.0240626533 -5.0116103116 -4.9967149098 -4.9953025771 -4.9836602052 -4.9760558071 -4.9628844696 -4.9572022134 -4.9408071855 -4.9377779157 -4.8224649401 -4.8162464818
-5.3015589898 -5.2876266383 -5.2653050617 -5.2604540740 -5.2522836259 -5.2504753636 -5.2276774567 -5.2205857772 -5.2147647606 -5.2134101784 -5.1953076666 -5.1920539858 -5.1670140061 -5.1624162128 -5.1427690494 -5.1410803746 -5.1353434654 -5.1330857732 -5.1160303840 -5.1114155575 -5.1065402939 -5.1055665383 -5.0861374291 -5.0814942074 -5.0414263810 -5.0412924136 -5.0252018295 -5.0131519104 -4.9984604908 -4.9967655248 -4.9806714189 -4.9766266515 -4.9631437567 -4.9562364969 -4.9378490464 -4.9340176439 -4.8262870056 -4.8193129262
-5.3071807519 -5.2933200501 -5.2674499272 -5.2624360678 -5.2554096156 -5.2537415759 -5.2245961399 -5.2184734454 -5.2115404824 -5.2104771824 -5.1905273735 -5.1864978479 -5.1713213418 -5.1665714589 -5.1457240608 -5.1438159314 -5.1371404407 -5.1352929248 -5.1158859214 -5.1119918188 -5.1037571251 -5.1024587018 -5.0835760729 -5.0784543434 -5.0459936426 -5.0446202498 -5.0264012773 -5.0148932433 -5.0016253806 -4.9973025671 -4.9777110206 -4.9768660595 -4.9632673325 -4.9552496641 -4.9348168862 -4.9301982122 -4.8303396315 -4.8227015402
-5.3128408206 -5.2990538253 -5.2697147130 -5.2644694076 -5.2584736921 -5.2569451370 -5.2217975347 -5.2165803739 -5.2082481449 -5.2073537726 -5.1856473410 -5.1808589101 -5.1756073350 -5.1707467101 -5.1490878014 -5.1470488817 -5.1388039333 -5.1372595459 -5.1161327185 -5.1126698105 -5.1006750864 -5.0993010524 -5.0810887290 -5.0754876163 -5.0506889149 -5.0480986670 -5.0276764523 -5.0168524296 -5.0046801845 -4.9982939753 -4.9767542368 -4.9749142832 -4.9632483135 -4.9542842763 -4.9317209900 -4.9263545560 -4.8345493339 -4.8263389983
-5.3185282024 -5.3048124816 -5.2720725494 -5.2665413652 -5.2614964922 -5.2600683990 -5.2192787538 -5.2148469421 -5.2049633308 -5.2041159323 -5.1812065755 -5.1793409527 -5.1752431035 -5.1748477659 -5.1527153476 -5.1506333090 -5.1404397766 -5.1390943976 -5.1165755360 -5.1133791324 -5.0975000027 -5.0961931026 -5.0787205518 -5.0726323959 -5.0554177428 -5.0517126302 -5.0290224901 -5.0190396396 -5.0075535894 -4.9996811830 -4.9763358050 -4.9723846678 -4.9630513249 -4.9533713874 -4.9285690529 -4.9225159457 -4.8388471617 -4.8301585096
-5.3242348080 -5.3105854402 -5.2745035793 -5.2686454036 -5.2645050983 -5.2630913179 -5.2170274316 -5.2132634179 -5.2017102013 -5.2008490843 -5.1843656500 -5.1791088201 -5.1753673296 -5.1694391326 -5.1565010692 -5.1544392111 -5.1421080901 -5.1408904489 -5.1171248882 -5.1140971896 -5.0943342032 -5.0931727618 -5.0765723002 -5.0699838077 -5.0600663065 -5.0553592614 -5.0304255131 -5.0214447003 -5.0102166408 -5.0013794923 -4.9756916129 -4.9702458249 -4.9625961154 -4.9525358152 -4.9253678431 -4.9187101567 -4.8431674951 -4.8341004021
-5.3299546321 -5.3163650969 -5.2769925447 -5.2707824376 -5.2675189107 -5.2660016417 -5.2150371432 -5.2118455603 -5.1985345846 -5.1976270783 -5.1884929063 -5.1832445314 -5.1703749144 -5.1638093326 -5.1602930450 -5.1583089965 -5.1438357194 -5.1427009060 -5.1177348439 -5.1148094027 -5.0912439039 -5.0902666537 -5.0749652242 -5.0678801153 -5.0642974580 -5.0586896574 -5.0318659327 -5.0240305928 -5.0126738190 -5.0033077628 -4.9749012913 -4.9686457306 -4.9617707918 -4.9517987887 -4.9221247851 -4.9149679601 -4.8474450687 -4.8381113629
-5.3356832098 -5.3221458182 -5.2795273676 -5.2729663786 -5.2705310163 -5.2688064292 -5.2133203839 -5.2106277471 -5.1958172311 -5.1945868550 -5.1920658991 -5.1873147978 -5.1666363401 -5.1634022456 -5.1622432692 -5.1576804948 -5.1456252707 -5.1445437269 -5.1183772438 -5.1155015109 -5.0883049201 -5.0875076964 -5.0750571042 -5.0676502919 -5.0669114898 -5.0603601317 -5.0333186891 -5.0267377695 -5.0149516534 -5.0054002278 -4.9740309369 -4.9676483679 -4.9605419500 -4.9511792229 -4.9188497980 -4.9113288941 -4.8516098106 -4.8421426342
-5.3414172357 -5.3279233556 -5.2820984487 -5.2752438201 -5.2734916558 -5.2715276472 -5.2119310486 -5.2096702117 -5.1974153472 -5.1920235652 -5.1913349654 -5.1908454819 -5.1692260698 -5.1669212727 -5.1590456194 -5.1521737020 -5.1474294920 -5.1463672492 -5.1190315995 -5.1161570796 -5.0856801210 -5.0850064359 -5.0778784007 -5.0701891929 -5.0668089758 -5.0593293281 -5.0347520976 -5.0294932211 -5.0170823109 -5.0076069794 -4.9731309364 -4.9671449414 -4.9590447508 -4.9506942875 -4.9155577533 -4.9078497350 -4.8555784669 -4.8461471968
-5.3471542816 -5.3336944757 -5.2846983911 -5.2777363747 -5.2762774779 -5.2741894456 -5.2110383031 -5.2090869986 -5.2009219889 -5.1951186439 -5.1889769509 -5.1882289483 -5.1731677041 -5.1710373647 -5.1541838965 -5.1495527833 -5.1486011159 -5.1457903760 -5.1196803575 -5.1167556260 -5.0845394463 -5.0835348813 -5.0803476417 -5.0735730592 -5.0654126043 -5.0573194990 -5.0361262461 -5.0322119471 -5.0190901198 -5.0098900772 -4.9722385025 -4.9669679053 -4.9574692663 -4.9503596064 -4.9122721013 -4.9046176186 -4.8592413185 -4.8500756246
-5.3528925769 -5.3394567111 -5.2873219157 -5.2805496165 -5.2787887453 -5.2768109536 -5.2111740368 -5.2090921256 -5.2037256282 -5.1984773469 -5.1863622836 -5.1857503658 -5.1769778491 -5.1750546384 -5.1521582820 -5.1509309316 -5.1477696959 -5.1404095110 -5.1203040702 -5.1172694686 -5.0883642066 -5.0835411395 -5.0787698816 -5.0757346730 -5.0637677056 -5.0552484731 -5.0373928385 -5.0347805725 -5.0209840927 -5.0122188537 -4.9713809505 -4.9670027200 -4.9559487685 -4.9501892553 -4.9090305878 -4.9017691771 -4.8624427797 -4.8538698039
-5.3586308308 -5.3452081850 -5.2899658212 -5.2835775767 -5.2811468601 -5.2794032915 -5.2131305487 -5.2100062436 -5.2049798440 -5.2010655869 -5.1851209842 -5.1845465045 -5.1793056096 -5.1782648176 -5.1538807000 -5.1528547292 -5.1429778784 -5.1348790348 -5.1208661040 -5.1176565908 -5.0932437598 -5.0864648960 -5.0765362914 -5.0753356638 -5.0621566780 -5.0534725199 -5.0385026634 -5.0370115524 -5.0227535872 -5.0145653523 -4.9705784232 -4.9671902436 -4.9545572789 -4.9501956421 -4.9058945981 -4.8995103884 -4.8649612791 -4.8574530376
-5.3643680856 -5.3509474840 -5.2926289145 -5.2867088095 -5.2834906427 -5.2819663310 -5.2164013962 -5.2121272669 -5.2051564972 -5.2026137295 -5.1878091854 -5.1861359163 -5.1785757488 -5.1782454127 -5.1558418747 -5.1548801408 -5.1379630897 -5.1295934393 -5.1212254708 -5.1178427188 -5.0982577735 -5.0908329641 -5.0744722142 -5.0738588772 -5.0606695171 -5.0523451101 -5.0394187705 -5.0385831659 -5.0243627206 -5.0168995656 -4.9698458928 -4.9675021304 -4.9533341010 -4.9503893089 -4.9029642467 -4.8981083355 -4.8665172760 -4.8607144388
-5.3701035931 -5.3566735651 -5.2953118999 -5.2899054651 -5.2858986562 -5.2844864588 -5.2201253682 -5.2151658835 -5.2050822862 -5.2034787057 -5.1918165376 -5.1898878582 -5.1768031084 -5.1763599650 -5.1577143092 -5.1568334621 -5.1331914148 -5.1255615416 -5.1204615827 -5.1176742084 -5.1032198675 -5.0956770579 -5.0727325243 -5.0723128416 -5.0593169511 -5.0522542212 -5.0399545144 -5.0392869370 -5.0257396620 -5.0191834726 -4.9691946197 -4.9679246652 -4.9522999308 -4.9507786656 -4.9004000133 -4.8977980059 -4.8668663161 -4.8634868319
-5.3758367115 -5.3623856869 -5.2980172405 -5.2931592376 -5.2884220078 -5.2869470171 -5.2239744625 -5.2186326094 -5.2051291576 -5.2042004884 -5.1960223709 -5.1940534848 -5.1750252262 -5.1746854382 -5.1592804931 -5.1585429883 -5.1290520138 -5.1248396002 -5.1168693261 -5.1166184577 -5.1079445220 -5.1007295519 -5.0714581509 -5.0710077898 -5.0580459928 -5.0532661895 -5.0399519458 -5.0392679871 -5.0267596326 -5.0213622409 -4.9686344328 -4.9684494994 -4.9514652906 -4.9513692863 -4.8986209522 -4.8984412660 -4.8659604972 -4.8655276515
-5.3758326692 -5.3624684261 -5.2990174434 -5.2943609234 -5.2885396141 -5.2846438860 -5.2244189504 -5.2182553288 -5.2072753809 -5.2022382865 -5.1968739128 -5.1930021220 -5.1774377967 -5.1722800272 -5.1617317315 -5.1560984641 -5.1293404838 -5.1249398397 -5.1176002585 -5.1156813577 -5.1078752440 -5.1007184751 -5.0723647009 -5.0701634389 -5.0584230844 -5.0530201727 -5.0406259881 -5.0385421657 -5.0271172558 -5.0209272166 -4.9698685789 -4.9675601633 -4.9519511667 -4.9505727388 -4.8991359399 -4.8979342778 -4.8659994094 -4.8655577419
-5.3758787952 -5.3625216313 -5.3006701252 -5.2965061426 -5.2873888345 -5.2820357617 -5.2251166969 -5.2178303094 -5.2096944465 -5.2006099290 -5.1971057920 -5.1918421670 -5.1801672059 -5.1695269261 -5.1641847031 -5.1536307326 -5.1301239654 -5.1252305915 -5.1180956505 -5.1146763091 -5.1077024889 -5.1006446748 -5.0736843820 -5.0691557926 -5.0593195568 -5.0524005361 -5.0412703071 -5.0378107835 -5.0277831246 -5.0199619138 -4.9714256948 -4.9670391370 -4.9520732947 -4.9495195746 -4.8997392391 -4.8973544322 -4.8661154857 -4.8656498795
-5.3759764661 -5.3625462195 -5.3026550554 -5.2989106838 -5.2857702730 -5.2793258654 -5.2260111387 -5.2174596057 -5.2119928772 -5.2006913648 -5.1956388231 -5.1906296888 -5.1828682452 -5.1667701508 -5.1666189653 -5.1511589924 -5.1313394674 -5.1256586732 -5.1183552942 -5.1137716949 -5.1073844610 -5.1004979247 -5.0750985784 -5.0683124450 -5.0605105644 -5.0516186855 -5.0417962049 -5.0372495855 -5.0284085669 -5.0187301215 -4.9731526496 -4.9670160415 -4.9517295856 -4.9483369318 -4.9003568360 -4.8967736037 -4.8663059021 -4.8658055945
-5.3761270162 -5.3625449838 -5.3048504567 -5.3013265146 -5.2839930924 -5.2765736381 -5.2270759528 -5.2173396901 -5.2139766044 -5.2016559476 -5.1933678535 -5.1893394748 -5.1855176381 -5.1690428145 -5.1640035167 -5.1486911037 -5.1328932351 -5.1261761820 -5.1184437541 -5.1130991276 -5.1068834471 -5.1002598523 -5.0765868608 -5.0676745099 -5.0618580172 -5.0507818561 -5.0421828195 -5.0370100132 -5.0287297178 -5.0173713520 -4.9749954765 -4.9674590909 -4.9509521129 -4.9470810283 -4.9009878766 -4.8961890747 -4.8665668986 -4.8660264699
-5.3763317775 -5.3625225855 -5.3072077293 -5.3036695224 -5.2821624514 -5.2738048080 -5.2283044158 -5.2180169738 -5.2150996452 -5.2028425113 -5.1911272603 -5.1883624724 -5.1875538589 -5.1714428910 -5.1612429458 -5.1462426558 -5.1346821504 -5.1267577209 -5.1184273051 -5.1127202059 -5.1062199591 -5.0999023829 -5.0781344433 -5.0673107392 -5.0632490426 -5.0499296170 -5.0424369241 -5.0371793930 -5.0286001626 -5.0159514550 -4.9769178452 -4.9682724985 -4.9498374419 -4.9457909051 -4.9016319555 -4.8955962389 -4.8668943424 -4.8663135470
-5.3765921715 -5.3624855104 -5.3096907458 -5.3059146702 -5.2803228552 -5.2710335491 -5.2296989001 -5.2195820638 -5.2152725615 -5.2041170294 -5.1909975412 -5.1888977910 -5.1858245293 -5.1738208544 -5.1584899267 -5.1438614886 -5.1365892270 -5.1273923580 -5.1183564981 -5.1126104773 -5.1054913530 -5.0993910998 -5.0797279768 -5.0674019475 -5.0644743823 -5.0490734759 -5.0425992363 -5.0376827474 -5.0280419999 -5.0145048387 -4.9788943878 -4.9693498281 -4.9484937664 -4.9444945226 -4.9022879204 -4.8949897910 -4.8672839169 -4.8666670856
-5.3769098270 -5.3624420274 -5.3122599815 -5.3080657562 -5.2784974000 -5.2682692975 -5.2312616190 -5.2213508934 -5.2151914425 -5.2054411968 -5.1933953394 -5.1874412644 -5.1834387335 -5.1761737870 -5.1557515886 -5.1418304738 -5.1382838402 -5.1280738560 -5.1182675264 -5.1127028384 -5.1048186138 -5.0987004659 -5.0813539216 -5.0682560585 -5.0651963820 -5.0482175222 -5.0427576204 -5.0383130824 -5.0271818210 -5.0130522843 -4.9809062578 -4.9706051570 -4.9470100086 -4.9432127795 -4.9029535918 -4.8943640102 -4.8677310956 -4.8670865146
-5.3772866937 -5.3624021880 -5.3148769071 -5.3101357228 -5.2767003558 -5.2655194195 -5.2329870201 -5.2230646709 -5.2151504676 -5.2067908287 -5.1957836229 -5.1861565450 -5.1807680398 -5.1784923274 -5.1530397191 -5.1419442507 -5.1379397620 -5.1287946001 -5.1181881997 -5.1129306609 -5.1042832155 -5.0978379285 -5.0829966338 -5.0697595025 -5.0654922534 -5.0473740292 -5.0430471310 -5.0388231176 -5.0261418865 -5.0116083940 -4.9829381245 -4.9719776509 -4.9454515475 -4.9419619372 -4.9036255673 -4.8937129738 -4.8682310530 -4.8675704082
-5.3777251256 -5.3623779023 -5.3175088307 -5.3121356936 -5.2749419662 -5.2627905119 -5.2348582669 -5.2246711079 -5.2152733125 -5.2081318050 -5.1980526922 -5.1849825450 -5.1808079900 -5.1779254769 -5.1503845647 -5.1438841249 -5.1358485949 -5.1295376240 -5.1181431886 -5.1132388637 -5.1039090001 -5.0968547832 -5.0846350452 -5.0715624082 -5.0656691248 -5.0465937377 -5.0435541786 -5.0390228553 -5.0250049944 -5.0101851834 -4.9849759581 -4.9734257801 -4.9438664175 -4.9407549278 -4.9042990174 -4.8930308136 -4.8687785924 -4.8681163909
-5.3782279176 -5.3623831145 -5.3201288190 -5.3140721480 -5.2732305805 -5.2600892276 -5.2368492254 -5.2261705247 -5.2156742210 -5.2094063490 -5.2001531920 -5.1839499971 -5.1829744008 -5.1750390982 -5.1480339200 -5.1458786974 -5.1335961772 -5.1302377368 -5.1181570230 -5.1135791293 -5.1036849159 -5.0958350106 -5.0862354999 -5.0735112094 -5.0658338415 -5.0461033825 -5.0440568640 -5.0388894203 -5.0238231375 -5.0087943441 -4.9870050480 -4.9749207515 -4.9422924916 -4.9396018290 -4.9049674550 -4.8923120571 -4.8693681474 -4.8687208919
-5.3787982878 -5.3624340781 -5.3227133550 -5.3159476416 -5.2715737789 -5.2574230432 -5.2389296454 -5.2275792583 -5.2164750184 -5.2105437663 -5.2020359196 -5.1853866479 -5.1826712573 -5.1721064785 -5.1489129018 -5.1448131507 -5.1319991001 -5.1302765571 -5.1182523649 -5.1139048192 -5.1035941562 -5.0948902905 -5.0877335152 -5.0755492422 -5.0659948450 -5.0464591724 -5.0439091432 -5.0385134776 -5.0226305339 -5.0074494135 -4.9890076563 -4.9764416172 -4.9407633570 -4.9385095479 -4.9056224938 -4.8915520929 -4.8699939439 -4.8693786147
-5.3794398091 -5.3625496973 -5.3252399469 -5.3177621617 -5.2699791370 -5.2548014164 -5.2410694171 -5.2289166607 -5.2177443968 -5.2115234079 -5.2036517073 -5.1875719398 -5.1815993853 -5.1691513765 -5.1512797922 -5.1424320579 -5.1322895582 -5.1284452431 -5.1184375233 -5.1141724256 -5.1036296161 -5.0941971122 -5.0889852286 -5.0776477625 -5.0661327018 -5.0474462010 -5.0432499651 -5.0379805176 -5.0214523093 -5.0061689708 -4.9909593676 -4.9779719546 -4.9393132943 -4.9374804831 -4.9062536389 -4.8907478203 -4.8706505350 -4.8700814442
-5.3801562950 -5.3627518476 -5.3276853543 -5.3195142335 -5.2684549741 -5.2522388947 -5.2432384289 -5.2301997453 -5.2194418218 -5.2124218402 -5.2049614732 -5.1897336207 -5.1805191804 -5.1661927833 -5.1537560973 -5.1402125512 -5.1328594478 -5.1263177311 -5.1186726189 -5.1143498925 -5.1037983778 -5.0940567971 -5.0897052304 -5.0797852606 -5.0662210537 -5.0486167670 -5.0424879779 -5.0373424900 -5.0203098444 -5.0049828383 -4.9928221704 -4.9794975305 -4.9379820592 -4.9365099985 -4.9068482032 -4.8898985886 -4.8713341203 -4.8708162527
-5.3809516523 -5.3630654975 -5.3300245387 -5.3212016918 -5.2670114040 -5.2497735947 -5.2453888476 -5.2314414847 -5.2214639036 -5.2133480428 -5.2059550969 -5.1918522259 -5.1794394917 -5.1632671868 -5.1562473603 -5.1385476321 -5.1330209432 -5.1244439164 -5.1187905130 -5.1144218697 -5.1041213262 -5.0946301991 -5.0897342963 -5.0819381730 -5.0662340805 -5.0498358806 -5.0417412868 -5.0366300915 -5.0192245423 -5.0039457348 -4.9945297599 -4.9810044072 -4.9368168846 -4.9355856271 -4.9073915180 -4.8890076291 -4.8720447271 -4.8715613057
-5.3818297140 -5.3635183472 -5.3322304577 -5.3228222109 -5.2656622268 -5.2481363441 -5.2467853973 -5.2326507409 -5.2237124462 -5.2143596210 -5.2066673173 -5.1939152559 -5.1783610035 -5.1606816565 -5.1584422628 -5.1379855678 -5.1322177166 -5.1232762856 -5.1183817859 -5.1143786207 -5.1046280158 -5.0955870730 -5.0894019407 -5.0840679380 -5.0661505552 -5.0510547679 -5.0410504592 -5.0358653351 -5.0182211944 -5.0031659013 -4.9959574896 -4.9824769977 -4.9358583209 -4.9347014541 -4.9078676967 -4.8880843772 -4.8727850798 -4.8722850241
-5.3827940634 -5.3641395980 -5.3342749487 -5.3243736770 -5.2644289266 -5.2499228608 -5.2448316215 -5.2338326965 -5.2261126570 -5.2154511796 -5.2071710073 -5.1959053147 -5.1772859324 -5.1617501630 -5.1570362274 -5.1383991008 -5.1306106128 -5.1230986607 -5.1171944557 -5.1141783786 -5.1053414592 -5.0965855153 -5.0891070503 -5.0860669083 -5.0659572099 -5.0522464015 -5.0404350334 -5.0350692763 -5.0173315672 -5.0028308501 -4.9968950050 -4.9838955104 -4.9351092627 -4.9338882177 -4.9082612645 -4.8871484481 -4.8735459994 -4.8729564879
-5.3838478670 -5.3649575176 -5.3361309539 -5.3258544586 -5.2633502053 -5.2519780736 -5.2426824912 -5.2349891691 -5.2286035817 -5.2165844538 -5.2075549720 -5.1977938314 -5.1762222499 -5.1642467717 -5.1542795092 -5.1392185416 -5.1288674480 -5.1234569063 -5.1157988571 -5.1136411730 -5.1062468531 -5.0974771189 -5.0894555232 -5.0874277341 -5.0656521039 -5.0533893461 -5.0399053233 -5.0342662326 -5.0165978805 -5.0030740568 -4.9971788853 -4.9852319918 -4.9345406458 -4.9332055149 -4.9085598788 -4.8862365567 -4.8742890144 -4.8735557289
-5.3849937266 -5.3659958213 -5.3377760098 -5.3272636015 -5.2625067524 -5.2539089779 -5.2407278268 -5.2361179582 -5.2311134246 -5.2177126403 -5.2079130245 -5.1995316535 -5.1751959084 -5.1667916513 -5.1516062145 -5.1401116938 -5.1276253056 -5.1236610950 -5.1149007725 -5.1125190314 -5.1072321115 -5.0982269128 -5.0909452902 -5.0876418167 -5.0652482164 -5.0544603712 -5.0394668441 -5.0334860828 -5.0160732134 -5.0036987779 -4.9969729723 -4.9864439837 -4.9341265122 -4.9327035885 -4.9087579804 -4.8854136112 -4.8749455935 -4.8740632244
-5.3862335633 -5.3672696050 -5.3391962358 -5.3286009625 -5.2620805184 -5.2555212738 -5.2391957357 -5.2372046205 -5.2334673051 -5.2187869837 -5.2083508706 -5.2010365893 -5.1743119400 -5.1692171739 -5.1492921631 -5.1407841542 -5.1275602871 -5.1230613435 -5.1143765448 -5.1114411288 -5.1079047954 -5.0988482027 -5.0926394846 -5.0875633428 -5.0647779252 -5.0554276018 -5.0391231307 -5.0327660963 -5.0158105698 -5.0043473788 -4.9966160237 -4.9874659567 -4.9338558072 -4.9324080931 -4.9088605486 -4.8847844596 -4.8754215183 -4.8744437025
-5.3875685424 -5.3687822679 -5.3403893642 -5.3298672869 -5.2623906862 -5.2564999245 -5.2389486911 -5.2381821170 -5.2349160402 -5.2197543310 -5.2089877279 -5.2021931440 -5.1741593642 -5.1709207584 -5.1478618724 -5.1407063401 -5.1283898040 -5.1220459250 -5.1139165813 -5.1114511400 -5.1075914200 -5.0993216807 -5.0940836834 -5.0875021207 -5.0642996437 -5.0562412174 -5.0388777556 -5.0321530197 -5.0158310403 -5.0047853547 -4.9963696781 -4.9882061398 -4.9337311765 -4.9323188758 -4.9088855182 -4.8844843488 -4.8756319826 -4.8746207789
-5.3819921404 -5.3623056884 -5.3360468835 -5.3249311680 -5.2594453237 -5.2543356285 -5.2360208370 -5.2343021364 -5.2330138110 -5.2159880725 -5.2056846709 -5.1982903284 -5.1712230162 -5.1676146351 -5.1511930259 -5.1436080898 -5.1272621438 -5.1236555144 -5.1162493427 -5.1097025030 -5.1093236498 -5.0975737906 -5.0892694079 -5.0871849546 -5.0660407281 -5.0533527050 -5.0399094186 -5.0348503534 -5.0148017558 -5.0036921429 -4.9966599005 -4.9859528442 -4.9343289940 -4.9325157011 -4.9088936259 -4.8856528360 -4.8753076413 -4.8733757192
-5.3763153241 -5.3558997288 -5.3316881062 -5.3199771724 -5.2568082454 -5.2523702676 -5.2340546894 -5.2322642164 -5.2294727395 -5.2118143076 -5.2020260218 -5.1941754541 -5.1683412729 -5.1642620401 -5.1548380365 -5.1468302384 -5.1319474653 -5.1245044279 -5.1158254088 -5.1101684121 -5.1078032883 -5.0957372663 -5.0871220227 -5.0834144413 -5.0675831290 -5.0505431088 -5.0414586168 -5.0381089654 -5.0131759329 -5.0029485713 -4.9964003910 -4.9837814618 -4.9357330867 -4.9330400389 -4.9090976827 -4.8879084506 -4.8746072383 -4.8705741808
-5.3705335350 -5.3495615980 -5.3273049727 -5.3150074323 -5.2544649779 -5.2505887236 -5.2328524218 -5.2313525195 -5.2249946656 -5.2072855994 -5.1981141678 -5.1899176071 -5.1657812604 -5.1609001736 -5.1584060360 -5.1502713313 -5.1371412399 -5.1291681731 -5.1133094681 -5.1104200035 -5.1053109396 -5.0946286755 -5.0849438263 -5.0786648701 -5.0687410295 -5.0485735255 -5.0431604150 -5.0411142205 -5.0112596114 -5.0026087433 -4.9956170461 -4.9817352558 -4.9377952817 -4.9338230456 -4.9097589670 -4.8907192015 -4.8730987436 -4.8670855336
-5.3646448306 -5.3432864861 -5.3228915312 -5.3100232692 -5.2523938230 -5.2489762763 -5.2321897366 -5.2308117902 -5.2203198979 -5.2025181825 -5.1940469130 -5.1855693349 -5.1653826452 -5.1600343060 -5.1577566496 -5.1536605712 -5.1425338213 -5.1346114149 -5.1122435330 -5.1105189135 -5.1016273336 -5.0940057130 -5.0818253718 -5.0749800073 -5.0687197720 -5.0500704361 -5.0437576138 -5.0421890964 -5.0092554792 -5.0024908035 -4.9945246877 -4.9798270370 -4.9403398333 -4.9348500191 -4.9109928435 -4.8938649672 -4.8707421747 -4.8631977751
-5.3586498727 -5.3370681684 -5.3184439365 -5.3050252983 -5.2505690670 -5.2475197188 -5.2318834827 -5.2305659697 -5.2155089092 -5.1976318906 -5.1899161811 -5.1811730299 -5.1686663167 -5.1590889502 -5.1574685809 -5.1535114000 -5.1479867231 -5.1402511195 -5.1121774084 -5.1106811405 -5.0986459327 -5.0922904343 -5.0786752757 -5.0735636701 -5.0661960696 -5.0538473986 -5.0458843828 -5.0395454758 -5.0073335859 -5.0023668606 -4.9933211040 -4.9780578539 -4.9432390064 -4.9360999288 -4.9127780914 -4.8972536610 -4.8676334431 -4.8590347878
-5.3525518685 -5.3308996989 -5.3139604070 -5.3000135753 -5.2489636897 -5.2462084078 -5.2318145730 -5.2305625048 -5.2105881862 -5.1927447307 -5.1858486886 -5.1768020966 -5.1727492651 -5.1625307565 -5.1553783179 -5.1540183608 -5.1498719876 -5.1457579873 -5.1124752993 -5.1110412401 -5.0979835790 -5.0882903001 -5.0772453369 -5.0717739131 -5.0631570141 -5.0575831400 -5.0477304267 -5.0364244653 -5.0057466061 -5.0019633099 -4.9921149217 -4.9764223575 -4.9464056860 -4.9375463288 -4.9150229644 -4.9008383635 -4.8639160397 -4.8546694655
-5.3463564795 -5.3247741283 -5.3094412084 -5.2949877722 -5.2475516494 -5.2450353112 -5.2319074324 -5.2307532937 -5.2055787774 -5.1880674404 -5.1823532931 -5.1766156295 -5.1722923527 -5.1665566897 -5.1598301151 -5.1540412060 -5.1501698018 -5.1462364702 -5.1129469352 -5.1115993612 -5.0983896948 -5.0837466535 -5.0774615126 -5.0685424820 -5.0642300438 -5.0580555683 -5.0485027299 -5.0331248278 -5.0048220707 -5.0009634379 -4.9909517776 -4.9749107338 -4.9497781615 -4.9391619902 -4.9176212763 -4.9045898446 -4.8597315549 -4.8501564351
-5.3400717324 -5.3186851809 -5.3048887361 -5.2899473911 -5.2463101699 -5.2439982568 -5.2321089304 -5.2310965922 -5.2005028955 -5.1854173528 -5.1814335303 -5.1762218315 -5.1711837849 -5.1673424512 -5.1656094028 -5.1585963230 -5.1484380427 -5.1428562278 -5.1135436002 -5.1123341586 -5.0991239504 -5.0814186766 -5.0764468572 -5.0679543076 -5.0653734242 -5.0572747961 -5.0470979286 -5.0296859661 -5.0044828866 -4.9994694564 -4.9898410101 -4.9735095606 -4.9533089317 -4.9409206693 -4.9204782678 -4.9084865035 -4.8552016349 -4.8455444781
-5.3337079709 -5.3126278486 -5.3003077717 -5.2848920546 -5.2452226650 -5.2431016852 -5.2323774410 -5.2315531981 -5.1954123348 -5.1887629108 -5.1790141636 -5.1750382843 -5.1728884862 -5.1703997636 -5.1642946709 -5.1630436220 -5.1456475159 -5.1394051618 -5.1142488244 -5.1132306080 -5.1000049909 -5.0823389753 -5.0757917099 -5.0689330575 -5.0640092919 -5.0559761335 -5.0440829359 -5.0261177512 -5.0043814519 -4.9978569367 -4.9887699420 -4.9722023345 -4.9569560884 -4.9427973017 -4.9235163424 -4.9125099978 -4.8504283042 -4.8408828244
-5.3272779050 -5.3065988917 -5.2957060012 -5.2798219654 -5.2442833746 -5.2423589758 -5.2326847151 -5.2320714132 -5.1937865117 -5.1899808823 -5.1815619072 -5.1781414933 -5.1720696669 -5.1700549539 -5.1677209406 -5.1585825907 -5.1428007643 -5.1359873528 -5.1150539223 -5.1142753394 -5.1009848728 -5.0844087127 -5.0788853764 -5.0681194845 -5.0623272075 -5.0529779390 -5.0406404616 -5.0224542511 -5.0043087882 -4.9963506310 -4.9877162205 -4.9709701341 -4.9606740323 -4.9447674322 -4.9266728384 -4.9166428589 -4.8455007369 -4.8362253467
-5.3207968256 -5.3005972920 -5.2910949173 -5.2747387603 -5.2435057334 -5.2417942822 -5.2330543362 -5.2325347846 -5.1986945224 -5.1864441568 -5.1847260494 -5.1837987436 -5.1758830285 -5.1678523187 -5.1638291510 -5.1540839191 -5.1400102268 -5.1326510125 -5.1159667882 -5.1154307358 -5.1020616145 -5.0874908274 -5.0821077817 -5.0703067012 -5.0578653323 -5.0492677624 -5.0372611360 -5.0187964664 -5.0041211612 -4.9950630055 -4.9866724796 -4.9697942188 -4.9643966694 -4.9468061338 -4.9298960796 -4.9208667375 -4.8405027784 -4.8316339230
-5.3142830854 -5.2946247867 -5.2864912880 -5.2696473542 -5.2429369419 -5.2414406888 -5.2335417211 -5.2327670797 -5.2038368011 -5.1909128403 -5.1900491278 -5.1816601533 -5.1794438801 -5.1636270232 -5.1599150310 -5.1495803983 -5.1373284768 -5.1294619924 -5.1171091583 -5.1165137840 -5.1032702154 -5.0914821593 -5.0846646929 -5.0735026765 -5.0527982516 -5.0453970669 -5.0340987354 -5.0153651746 -5.0036340862 -4.9940318656 -4.9856996190 -4.9687459429 -4.9679153892 -4.9488863206 -4.9331418578 -4.9251606494 -4.8355193836 -4.8271812917
-5.3077590023 -5.2886868529 -5.2819194515 -5.2645606505 -5.2426727164 -5.2413337765 -5.2340044050 -5.2327503834 -5.2090702638 -5.1959432502 -5.1956693241 -5.1873836378 -5.1741922785 -5.1595382468 -5.1560761943 -5.1450984453 -5.1348112631 -5.1265600221 -5.1185776983 -5.1172750853 -5.1047175649 -5.0957714874 -5.0868802947 -5.0770725792 -5.0477431741 -5.0415303782 -5.0311930122 -5.0125315445 -5.0025940204 -4.9931926160 -4.9850280208 -4.9713452930 -4.9674398024 -4.9509759531 -4.9363707664 -4.9294987952 -4.8306415468 -4.8229532243
-5.3012524511 -5.2827953906 -5.2774145548 -5.2595144176 -5.2428283686 -5.2415165399 -5.2342381824 -5.2325012974 -5.2143515769 -5.2016064243 -5.2004745985 -5.1930723827 -5.1688987431 -5.1556342337 -5.1523501465 -5.1406850976 -5.1325492198 -5.1242962754 -5.1202533598 -5.1174342547 -5.1066866754 -5.0997212667 -5.0890147786 -5.0808449632 -5.0429207909 -5.0377069403 -5.0285410702 -5.0106144460 -5.0009445254 -4.9923043174 -4.9851998212 -4.9737547588 -4.9662641074 -4.9530328424 -4.9395462143 -4.9338475001 -4.8259694754 -4.8190493887
-5.2947996261 -5.2769788890 -5.2730244308 -5.2546308836 -5.2434005592 -5.2420424128 -5.2340916088 -5.2320369594 -5.2196245913 -5.2069942371 -5.2051826366 -5.1987127485 -5.1635983525 -5.1519345495 -5.1487608608 -5.1364397091 -5.1307129459 -5.1232811611 -5.1219555973 -5.1164574849 -5.1095936923 -5.1026731815 -5.0911715574 -5.0847370508 -5.0385315556 -5.0339252794 -5.0261054826 -5.0094816111 -4.9993199937 -4.9908714457 -4.9868355506 -4.9747411821 -4.9650225371 -4.9549940147 -4.9426327215 -4.9381606090 -4.8216134778 -4.8155818135
-5.2884499108 -5.2713402843 -5.2687802985 -5.2505160877 -5.2438475236 -5.2428887735 -5.2335634055 -5.2314562429 -5.2247085506 -5.2119739366 -5.2097275540 -5.2042959570 -5.1583097221 -5.1484521684 -5.1453307398 -5.1326684277 -5.1294912108 -5.1245470497 -5.1222318363 -5.1152022683 -5.1126154162 -5.1045180024 -5.0933926879 -5.0886841183 -5.0347568971 -5.0303079413 -5.0237414623 -5.0087297328 -4.9985540323 -4.9899222534 -4.9883026324 -4.9745589087 -4.9636950108 -4.9567534398 -4.9455937816 -4.9423721185 -4.8176917265 -4.8126695728
-5.2822748446 -5.2664778959 -5.2643565913 -5.2493763426 -5.2442540292 -5.2416240545 -5.2333918144 -5.2313009239 -5.2282955121 -5.2164349262 -5.2140149574 -5.2098056096 -5.1530557048 -5.1452031827 -5.1420975293 -5.1308863839 -5.1280401889 -5.1268020577 -5.1214834707 -5.1180951328 -5.1112185326 -5.1056055300 -5.0956983916 -5.0926078285 -5.0316497342 -5.0273929777 -5.0210337792 -5.0081010790 -4.9986892145 -4.9934160660 -4.9852113551 -4.9740258080 -4.9622665988 -4.9581220839 -4.9483874547 -4.9463831602 -4.8143242020 -4.8104287733
-5.2763860512 -5.2636715678 -5.2591249616 -5.2504886145 -5.2457613149 -5.2381675375 -5.2360932367 -5.2304616188 -5.2280681703 -5.2203101505 -5.2179399506 -5.2151930454 -5.1478734298 -5.1422192689 -5.1391805188 -5.1315523763 -5.1297632862 -5.1264221824 -5.1209640726 -5.1203168741 -5.1086865803 -5.1059616510 -5.0981033320 -5.0963734731 -5.0291620114 -5.0258002113 -5.0175954596 -5.0076528968 -4.9993469862 -4.9969871400 -4.9818709134 -4.9738423642 -4.9607557705 -4.9588023303 -4.9509525231 -4.9500329871 -4.8116232450 -4.8089588605
-5.2709764308 -5.2636084174 -5.2537009534 -5.2508964469 -5.2474787037 -5.2424608180 -5.2319978697 -5.2286910164 -5.2266337701 -5.2236150267 -5.2214600500 -5.2201874312 -5.1428363446 -5.1395872828 -5.1371501301 -5.1338047976 -5.1317297678 -5.1281578246 -5.1206281179 -5.1196505076 -5.1062600205 -5.1052738387 -5.1005948079 -5.0996905004 -5.0272654016 -5.0254404024 -5.0137584086 -5.0080259098 -5.0001618965 -4.9997328810 -4.9787608237 -4.9745159866 -4.9592918593 -4.9585759551 -4.9531475136 -4.9529895510 -4.8096831720 -4.8083293483
-5.2664321010 -5.2664321010 -5.2500892231 -5.2500892231 -5.2474401704 -5.2474401704 -5.2275709624 -5.2275709624 -5.2260385242 -5.2260385242 -5.2232896550 -5.2232896550 -5.1382967531 -5.1382967531 -5.1372391937 -5.1372391937 -5.1306717694 -5.1306717694 -5.1197412763 -5.1197412763 -5.1044680034 -5.1044680034 -5.1019202378 -5.1019202378 -5.0259924148 -5.0259924148 -5.0102210148 -5.0102210148 -5.0006239846 -5.0006239846 -4.9762119587 -4.9762119587 -4.9582940187 -4.9582940187 -4.9542998502 -4.9542998502 -4.8085724282 -4.8085724282
