-4.6306945697 -4.6306945697 -4.4984690181 -4.4984690181 -4.3755284403 -4.3755284403 -4.3594262259 -4.3594262259 -4.3572477490 -4.3572477490 -4.3397049690 -4.3397049690 -4.3254348183 -4.3254348183 -4.2830908670 -4.2830908670 -4.2521912905 -4.2521912905 -4.2412691063 -4.2412691063 -4.2298102297 -4.2298102297 -4.1942231207 -4.1942231207 -4.1839768964 -4.1839768964 -4.1822182676 -4.1822182676 -4.1514223753 -4.1514223753 -4.1495768146 -4.1495768146 -4.1428635527 -4.1428635527 -4.1369635992 -4.1369635992 -4.1349022890 -4.1349022890 -4.1066264400 -4.1066264400 -4.0213059629 -4.0213059629 -4.0145921790 -4.0145921790 -4.0076439201 -4.0076439201 -4.0021515682 -4.0021515682 -3.9943511449 -3.9943511449 -3.9828391962 -3.9828391962 -3.8704977643 -3.8704977643 -3.8581546618 -3.8581546618 -3.8566427625 -3.8566427625 -3.8389150157 -3.8389150157 -3.8329315471 -3.8329315471 -3.8322313385 -3.8322313385 -3.7695675932 -3.7695675932 -3.7544773196 -3.7544773196 -3.7437482037 -3.7437482037 -3.7401231361 -3.7401231361 -3.7291903109 -3.7291903109 -3.7168128872 -3.7168128872
-4.6303034703 -4.6301613294 -4.4985222693 -4.4982301044 -4.3782409491 -4.3744621578 -4.3604104852 -4.3598031231 -4.3585710156 -4.3549849425 -4.3395558397 -4.3392950970 -4.3255513407 -4.3253165288 -4.2832389092 -4.2818310979 -4.2554943996 -4.2537097258 -4.2403662959 -4.2399222976 -4.2293494755 -4.2285913669 -4.1954743050 -4.1947209603 -4.1868917673 -4.1850857278 -4.1804481749 -4.1779196885 -4.1554544088 -4.1529505120 -4.1496160948 -4.1467547376 -4.1449924193 -4.1413158065 -4.1406568500 -4.1359644476 -4.1330286148 -4.1306309971 -4.1087066679 -4.1023209258 -4.0260466561 -4.0204404721 -4.0153217572 -4.0132140184 -4.0105159682 -4.0065654734 -4.0029178489 -3.9995006013 -3.9952514391 -3.9936409160 -3.9845167506 -3.9779714604 -3.8766848925 -3.8701698468 -3.8621003789 -3.8601329609 -3.8538336537 -3.8499334146 -3.8435040680 -3.8430192393 -3.8345089941 -3.8340615854 -3.8261645591 -3.8250002105 -3.7740342323 -3.7676766212 -3.7556701568 -3.7539114164 -3.7479659326 -3.7440922281 -3.7406397001 -3.7347853659 -3.7303137403 -3.7280783561 -3.7190235817 -3.7111647696
-4.6289978684 -4.6287235103 -4.4983887564 -4.4978132440 -4.3818964441 -4.3756862456 -4.3626557620 -4.3609231047 -4.3581740868 -4.3533269044 -4.3390635073 -4.3382136831 -4.3255604422 -4.3251109801 -4.2824971066 -4.2794687364 -4.2614682791 -4.2577331581 -4.2393233234 -4.2385916576 -4.2280165567 -4.2250435085 -4.1990425904 -4.1957350295 -4.1894078095 -4.1852358828 -4.1768197407 -4.1735488431 -4.1603036348 -4.1573275140 -4.1494528503 -4.1487862376 -4.1453994669 -4.1409610064 -4.1391313581 -4.1353818840 -4.1297614105 -4.1244175738 -4.1077236293 -4.0966011182 -4.0318679223 -4.0236479105 -4.0177162806 -4.0156283945 -4.0094095978 -4.0064684174 -4.0028517340 -3.9987959013 -3.9946469825 -3.9911261117 -3.9823001899 -3.9718639062 -3.8847470120 -3.8769845191 -3.8635957566 -3.8624591031 -3.8529572452 -3.8508761944 -3.8459023195 -3.8422338788 -3.8329267683 -3.8327162478 -3.8182708498 -3.8165920069 -3.7798911756 -3.7689954995 -3.7591658387 -3.7556596741 -3.7500118744 -3.7439091812 -3.7408067626 -3.7336901628 -3.7281715261 -3.7248132852 -3.7165130411 -3.7042868144
-4.6268078025 -4.6264197811 -4.4980524547 -4.4972117871 -4.3860953363 -4.3788780021 -4.3651624323 -4.3626557826 -4.3572127211 -4.3528040416 -4.3384333439 -4.3364681576 -4.3252436786 -4.3246010896 -4.2814270362 -4.2761448241 -4.2682459041 -4.2621335681 -4.2399531980 -4.2377382535 -4.2263141796 -4.2205104106 -4.2033654531 -4.1966192019 -4.1912673185 -4.1841135206 -4.1732776918 -4.1708159761 -4.1643939653 -4.1622439059 -4.1538157442 -4.1476715462 -4.1451111424 -4.1415396636 -4.1352247574 -4.1344057081 -4.1256811600 -4.1182127039 -4.1036310748 -4.0899829211 -4.0381394541 -4.0283170479 -4.0215180663 -4.0200728661 -4.0087574121 -4.0079721433 -4.0009526706 -3.9999396561 -3.9904718400 -3.9873629474 -3.9782587617 -3.9652169078 -3.8934601505 -3.8855034191 -3.8673005457 -3.8670046047 -3.8570384611 -3.8550595411 -3.8424430323 -3.8391996976 -3.8289768183 -3.8278891003 -3.8103241033 -3.8080260245 -3.7866156627 -3.7722721471 -3.7638816724 -3.7617001149 -3.7473538888 -3.7461763719 -3.7381008790 -3.7370346850 -3.7217336097 -3.7199574483 -3.7117306820 -3.6968703474
-4.6237854757 -4.6233083037 -4.4974940745 -4.4964164489 -4.3906309055 -4.3832232860 -4.3679465013 -4.3648281929 -4.3564320420 -4.3535050897 -4.3376170340 -4.3343186602 -4.3244366721 -4.3236347641 -4.2812566754 -4.2752354594 -4.2720078062 -4.2654420399 -4.2411405273 -4.2379380176 -4.2248262082 -4.2175528554 -4.2061581642 -4.1976455410 -4.1917860926 -4.1828217085 -4.1732093366 -4.1708338963 -4.1662853363 -4.1646512705 -4.1575129518 -4.1460216028 -4.1443689268 -4.1417172873 -4.1338499102 -4.1303164011 -4.1209639291 -4.1121727664 -4.0972954908 -4.0827814686 -4.0446682430 -4.0339732830 -4.0258053593 -4.0243219559 -4.0118252629 -4.0100473918 -3.9989659344 -3.9973264910 -3.9860059120 -3.9832126807 -3.9733585963 -3.9582822682 -3.9024649304 -3.8944015001 -3.8745206164 -3.8740903629 -3.8585760551 -3.8569826673 -3.8404983645 -3.8382552109 -3.8226858059 -3.8205790980 -3.8027170230 -3.7994997839 -3.7937660811 -3.7768430934 -3.7688687253 -3.7674531381 -3.7495078329 -3.7466981771 -3.7377046460 -3.7335348499 -3.7159130367 -3.7143237799 -3.7057633544 -3.6891720911
-4.6200022662 -4.6194629219 -4.4966956343 -4.4954197788 -4.3953856081 -4.3881780714 -4.3709764383 -4.3672785605 -4.3564021096 -4.3551889581 -4.3363879947 -4.3321849690 -4.3230959652 -4.3222383262 -4.2836905189 -4.2819560738 -4.2673318623 -4.2660773102 -4.2424525156 -4.2389710182 -4.2240209524 -4.2189806738 -4.2050335302 -4.1991935414 -4.1904842038 -4.1822405501 -4.1781464055 -4.1714981527 -4.1682669004 -4.1637477987 -4.1582892047 -4.1452577093 -4.1432529764 -4.1395702220 -4.1323870935 -4.1255745492 -4.1157938887 -4.1062135980 -4.0896520106 -4.0752141098 -4.0513512099 -4.0403698469 -4.0300932909 -4.0284355675 -4.0150960899 -4.0134194620 -3.9961366819 -3.9941522815 -3.9815666434 -3.9789493657 -3.9678942460 -3.9511825100 -3.9116212109 -3.9034558175 -3.8830340214 -3.8823689767 -3.8590494829 -3.8578583916 -3.8397140952 -3.8379331979 -3.8151518920 -3.8127041094 -3.8025958258 -3.7941426258 -3.7912684573 -3.7828508939 -3.7736172727 -3.7717071633 -3.7529223030 -3.7494916162 -3.7340591446 -3.7287510336 -3.7104906387 -3.7085229874 -3.6989494223 -3.6813218337
-4.6155443738 -4.6149687030 -4.4956438978 -4.4942194900 -4.4002839326 -4.3934582924 -4.3741884909 -4.3698862088 -4.3578024623 -4.3570329317 -4.3346279965 -4.3305515256 -4.3212497040 -4.3205755765 -4.2888160110 -4.2878283431 -4.2643847273 -4.2622330448 -4.2436061037 -4.2405710982 -4.2240713772 -4.2227877582 -4.2026237654 -4.2010367214 -4.1879731044 -4.1835660421 -4.1828075726 -4.1718648188 -4.1707285587 -4.1633627971 -4.1557341295 -4.1452520652 -4.1416310034 -4.1353304672 -4.1302968065 -4.1206106609 -4.1103000953 -4.1002455380 -4.0813062225 -4.0674964830 -4.0581041916 -4.0472135280 -4.0342551620 -4.0324427975 -4.0184109911 -4.0169264686 -3.9931528226 -3.9909329302 -3.9772093644 -3.9746730152 -3.9620222864 -3.9439996914 -3.9208440316 -3.9125891167 -3.8919611293 -3.8910973879 -3.8592488402 -3.8583619789 -3.8394690374 -3.8378057325 -3.8111974591 -3.8064120796 -3.8048097915 -3.7909161261 -3.7877337354 -3.7832184009 -3.7765280480 -3.7746057811 -3.7562300912 -3.7530156034 -3.7291628139 -3.7236626612 -3.7051124680 -3.7028579157 -3.6915881761 -3.6733946578
-4.6105080144 -4.6099177273 -4.4943324214 -4.4928206031 -4.4052705008 -4.3988998120 -4.3775268011 -4.3725676066 -4.3606169558 -4.3586465833 -4.3324739795 -4.3299531040 -4.3190195114 -4.3188343559 -4.2942472547 -4.2933218795 -4.2619189813 -4.2569696737 -4.2443044444 -4.2424241245 -4.2271594082 -4.2245495499 -4.2033921035 -4.2014746673 -4.1898570406 -4.1847288300 -4.1830808753 -4.1743877503 -4.1688346368 -4.1633261964 -4.1522441562 -4.1450860460 -4.1392954786 -4.1303889601 -4.1274316080 -4.1154460946 -4.1045607072 -4.0942311996 -4.0727591501 -4.0647017468 -4.0602996216 -4.0538939113 -4.0382646707 -4.0361934575 -4.0217037042 -4.0203449570 -3.9901638696 -3.9877330979 -3.9729307119 -3.9704276228 -3.9558682082 -3.9369485752 -3.9299112605 -3.9217513649 -3.9010584014 -3.9000380243 -3.8593679889 -3.8587132174 -3.8396341902 -3.8377650639 -3.8190664379 -3.8001384782 -3.7984983856 -3.7960262005 -3.7848344808 -3.7816745051 -3.7742916315 -3.7723095170 -3.7592575730 -3.7563873436 -3.7238503463 -3.7183492908 -3.6996935184 -3.6972783454 -3.6839230808 -3.6654367579
-4.6049952260 -4.6044059251 -4.4927629446 -4.4912371435 -4.4102978029 -4.4043869715 -4.3809507709 -4.3752681848 -4.3637632980 -4.3606816760 -4.3309835230 -4.3302231202 -4.3176189143 -4.3162808906 -4.2989028691 -4.2977775569 -4.2598276403 -4.2521715376 -4.2444547434 -4.2436059169 -4.2310585132 -4.2256101199 -4.2057037445 -4.2028848502 -4.1951413528 -4.1869642835 -4.1787540024 -4.1755723177 -4.1651876818 -4.1632614618 -4.1489489876 -4.1446046338 -4.1360180828 -4.1258492729 -4.1232001288 -4.1101045885 -4.0986245638 -4.0881869765 -4.0722595792 -4.0630385812 -4.0625596363 -4.0521675202 -4.0420700963 -4.0389418753 -4.0249192808 -4.0236221376 -3.9871874552 -3.9845604882 -3.9687225367 -3.9662430629 -3.9495653292 -3.9397590338 -3.9308801838 -3.9290544088 -3.9102339500 -3.9090931162 -3.8594748011 -3.8589981892 -3.8405590536 -3.8377870766 -3.8268391636 -3.8080881472 -3.7905830371 -3.7899474725 -3.7861364343 -3.7828144550 -3.7691618660 -3.7656505573 -3.7613471118 -3.7587029492 -3.7183037690 -3.7128475060 -3.6942129724 -3.6917134192 -3.6761032042 -3.6574776795
-4.5991110131 -4.5985314105 -4.4909471858 -4.4894943049 -4.4153174444 -4.4098206117 -4.3844344919 -4.3779587904 -4.3670640898 -4.3629809106 -4.3337614233 -4.3288001806 -4.3170968025 -4.3134086346 -4.3022865437 -4.2999959153 -4.2587836797 -4.2504141659 -4.2433235600 -4.2424393931 -4.2340556899 -4.2268016469 -4.2082692356 -4.2058037249 -4.2004199074 -4.1903125298 -4.1749475129 -4.1736030208 -4.1630343750 -4.1605844264 -4.1461276708 -4.1438410807 -4.1317498651 -4.1219223137 -4.1176543438 -4.1046136746 -4.0925313241 -4.0825634215 -4.0783557612 -4.0699087176 -4.0543264949 -4.0496072887 -4.0455565472 -4.0374759030 -4.0279513054 -4.0267040028 -3.9842201400 -3.9814047793 -3.9646174419 -3.9622066790 -3.9487590957 -3.9438854916 -3.9392089515 -3.9218979672 -3.9194307482 -3.9181573263 -3.8596262232 -3.8592707140 -3.8437034223 -3.8378924659 -3.8325885904 -3.8168562991 -3.7896129340 -3.7878423089 -3.7823697664 -3.7790764688 -3.7667701348 -3.7646227654 -3.7590899597 -3.7545252259 -3.7125825671 -3.7071790089 -3.6886640040 -3.6861228131 -3.6682115013 -3.6495368978
-4.5929621056 -4.5923943961 -4.4889101662 -4.4876318847 -4.4202719796 -4.4151007968 -4.3879655591 -4.3806395257 -4.3704261144 -4.3654020947 -4.3381178180 -4.3297029697 -4.3166548588 -4.3104043182 -4.3031470487 -4.3004071446 -4.2587892063 -4.2520543228 -4.2430654310 -4.2385604295 -4.2345064057 -4.2277236943 -4.2110535860 -4.2093222100 -4.2053376715 -4.1943380657 -4.1728990799 -4.1686734919 -4.1622461277 -4.1556242335 -4.1436323901 -4.1428132369 -4.1266934330 -4.1179109839 -4.1117071533 -4.0990063700 -4.0864222692 -4.0859386598 -4.0774571061 -4.0753618886 -4.0517980918 -4.0501168519 -4.0442364900 -4.0327341257 -4.0299050921 -4.0286465737 -3.9812682273 -3.9782547109 -3.9615973507 -3.9593589391 -3.9557038734 -3.9496104847 -3.9359994025 -3.9285354983 -3.9274182682 -3.9144471139 -3.8599945401 -3.8596149088 -3.8501343726 -3.8382193379 -3.8349832550 -3.8255342894 -3.7917436361 -3.7899326903 -3.7758948475 -3.7727119086 -3.7671656509 -3.7660734201 -3.7525290959 -3.7466420248 -3.7067137156 -3.7013592230 -3.6830447377 -3.6804870591 -3.6602947326 -3.6416275531
-4.5866573217 -4.5860985639 -4.4866963708 -4.4857095443 -4.4250851745 -4.4201138601 -4.3915444882 -4.3833537742 -4.3737697902 -4.3678483600 -4.3433645414 -4.3337102395 -4.3148341427 -4.3073341643 -4.3020564302 -4.2995823518 -4.2594446444 -4.2544756966 -4.2451248945 -4.2355008264 -4.2319274126 -4.2274672021 -4.2138937654 -4.2128097732 -4.2094816476 -4.1985707539 -4.1705933401 -4.1642999218 -4.1603691673 -4.1506791330 -4.1418117468 -4.1407742962 -4.1211183736 -4.1137487824 -4.1058296604 -4.0933812686 -4.0921776195 -4.0851394209 -4.0799368987 -4.0692780659 -4.0547140529 -4.0532291085 -4.0374273648 -4.0343385660 -4.0305671097 -4.0220668205 -3.9784509350 -3.9751478538 -3.9681621115 -3.9594164877 -3.9554427250 -3.9530135375 -3.9380067014 -3.9365667431 -3.9290932175 -3.9070916491 -3.8622475050 -3.8601201603 -3.8564495199 -3.8397314998 -3.8357657041 -3.8329413478 -3.7938644182 -3.7920904656 -3.7743149713 -3.7714010535 -3.7631254807 -3.7622967474 -3.7452538565 -3.7384122469 -3.7007132517 -3.6954007247 -3.6773557529 -3.6747977574 -3.6523804656 -3.6337586354
-4.5803094526 -4.5797537425 -4.4843805672 -4.4838135836 -4.4296485147 -4.4247199837 -4.3951842405 -4.3862128984 -4.3769891081 -4.3702561629 -4.3488715366 -4.3393808581 -4.3119611865 -4.3042395968 -4.3000248149 -4.2979963937 -4.2604235069 -4.2570508264 -4.2478625790 -4.2351693464 -4.2287100537 -4.2264323763 -4.2162935793 -4.2153206627 -4.2118421467 -4.2027875390 -4.1682166196 -4.1619052884 -4.1562470429 -4.1464306206 -4.1404240083 -4.1373319651 -4.1152651709 -4.1100414158 -4.1018941751 -4.0956180253 -4.0931074016 -4.0871262288 -4.0738853750 -4.0635530512 -4.0573280249 -4.0560728341 -4.0377080706 -4.0366440998 -4.0241174996 -4.0138786193 -3.9789962025 -3.9739586946 -3.9717779236 -3.9677731160 -3.9519703035 -3.9496352142 -3.9464973450 -3.9454331313 -3.9224542115 -3.8997255755 -3.8697574720 -3.8610692158 -3.8581407638 -3.8453563448 -3.8362308384 -3.8356410931 -3.7957750158 -3.7940795781 -3.7758081387 -3.7735234671 -3.7560030537 -3.7549333219 -3.7378591161 -3.7301373869 -3.6945929903 -3.6893147594 -3.6715989889 -3.6690521420 -3.6444856610 -3.6259362803
-4.5740385790 -4.5734798925 -4.4821082895 -4.4820392979 -4.4338020969 -4.4287420655 -4.3989083641 -4.3894089924 -4.3799187657 -4.3725859778 -4.3541700086 -4.3455104523 -4.3086170331 -4.3011504581 -4.2975521630 -4.2959509237 -4.2615769948 -4.2596206708 -4.2506248154 -4.2363144847 -4.2280556778 -4.2272201925 -4.2185417893 -4.2152991144 -4.2098981269 -4.2068613896 -4.1658747322 -4.1603880559 -4.1512596610 -4.1433673755 -4.1387991318 -4.1326370702 -4.1105320224 -4.1096120082 -4.1010384789 -4.1001730858 -4.0913610354 -4.0814380479 -4.0687790656 -4.0617387995 -4.0586327513 -4.0547198714 -4.0400528311 -4.0390532879 -4.0152489725 -4.0056481984 -3.9873383835 -3.9772327433 -3.9713444620 -3.9682302422 -3.9563184708 -3.9551784944 -3.9471135832 -3.9446244541 -3.9156829417 -3.8923717812 -3.8789842035 -3.8636304422 -3.8583735740 -3.8517674043 -3.8365603963 -3.8359317216 -3.7974336008 -3.7958447880 -3.7777370330 -3.7758438946 -3.7485085284 -3.7470667236 -3.7304499773 -3.7218789050 -3.6883629246 -3.6831118981 -3.6657770698 -3.6632502339 -3.6366210069 -3.6181645269
-4.5679766821 -4.5674125970 -4.4806206660 -4.4799837474 -4.4373119080 -4.4319637538 -4.4027449520 -4.3931459437 -4.3823682517 -4.3748169723 -4.3589359520 -4.3514968666 -4.3050646430 -4.2980926724 -4.2948358355 -4.2936194118 -4.2629857777 -4.2619946352 -4.2532589183 -4.2381203169 -4.2313210813 -4.2286358602 -4.2211105365 -4.2122203785 -4.2104901948 -4.2046960713 -4.1636315025 -4.1590208811 -4.1466042877 -4.1412477884 -4.1366627310 -4.1270129145 -4.1158095180 -4.1099307171 -4.1012557809 -4.0968678736 -4.0853726821 -4.0757597985 -4.0670548714 -4.0634970947 -4.0563924792 -4.0491181963 -4.0422567919 -4.0412597474 -4.0064198008 -3.9978437470 -3.9961081555 -3.9858113717 -3.9687267800 -3.9672053692 -3.9636231867 -3.9624008723 -3.9430579394 -3.9405267656 -3.9088711412 -3.8886049048 -3.8850576196 -3.8696072148 -3.8583414240 -3.8551552267 -3.8366554021 -3.8359862816 -3.7988249985 -3.7973663022 -3.7796256062 -3.7780406657 -3.7410000043 -3.7390970446 -3.7230566748 -3.7136584570 -3.6820320788 -3.6768022305 -3.6598927858 -3.6573932525 -3.6287931432 -3.6104457236
-4.5622733086 -4.5617100636 -4.4796249036 -4.4783522649 -4.4398615911 -4.4341555005 -4.4067118086 -4.3974868225 -4.3842304114 -4.3769429518 -4.3629724008 -4.3569802624 -4.3014378178 -4.2950930752 -4.2919555160 -4.2910985712 -4.2651064117 -4.2636984661 -4.2557246726 -4.2407101435 -4.2344699187 -4.2311370723 -4.2235927637 -4.2145211347 -4.2068069901 -4.1984002165 -4.1615429356 -4.1577512130 -4.1430612863 -4.1396697539 -4.1336819379 -4.1217814560 -4.1208750574 -4.1169738949 -4.0955363557 -4.0918384587 -4.0794593083 -4.0716585737 -4.0664689889 -4.0650307204 -4.0511114780 -4.0455618624 -4.0437618611 -4.0409103487 -4.0060278015 -3.9965965874 -3.9956157965 -3.9896472297 -3.9742798431 -3.9737596554 -3.9636932629 -3.9597360353 -3.9388149716 -3.9363058117 -3.9020604907 -3.8983890442 -3.8786126437 -3.8771865816 -3.8581902453 -3.8561924170 -3.8366623639 -3.8359959533 -3.7999432349 -3.7986356313 -3.7813532853 -3.7800408287 -3.7335344879 -3.7311230892 -3.7156879640 -3.7054854957 -3.6756086841 -3.6703952434 -3.6539486059 -3.6514825868 -3.6210057661 -3.6027806647
-4.5571016334 -4.5565604025 -4.4791728799 -4.4774497600 -4.4411104028 -4.4351510779 -4.4107855329 -4.4022974767 -4.3855089435 -4.3789646974 -4.3661955603 -4.3617039049 -4.2978345904 -4.2921862814 -4.2889593579 -4.2884250536 -4.2675457781 -4.2651549211 -4.2580081989 -4.2442419220 -4.2367165754 -4.2337307856 -4.2257675322 -4.2178021980 -4.2011908266 -4.1916697339 -4.1596714561 -4.1566449588 -4.1410741911 -4.1384439395 -4.1315879660 -4.1254139028 -4.1244832006 -4.1145506501 -4.0894335189 -4.0868440658 -4.0745629247 -4.0718161277 -4.0647962834 -4.0618755010 -4.0478420899 -4.0466499343 -4.0424610305 -4.0353354135 -4.0144199241 -4.0036538463 -3.9885885038 -3.9881065648 -3.9825789363 -3.9773150070 -3.9597541434 -3.9553929518 -3.9344775849 -3.9320054139 -3.9083313545 -3.8951857273 -3.8872991076 -3.8706417803 -3.8579460176 -3.8562584300 -3.8366323013 -3.8359937885 -3.8007871968 -3.7996490121 -3.7828658583 -3.7818074969 -3.7261217089 -3.7231811434 -3.7083435548 -3.6973636989 -3.6690999587 -3.6638994110 -3.6479461249 -3.6455189503 -3.6132600478 -3.5951684737
-4.5526622723 -4.5521845335 -4.4791987230 -4.4773889261 -4.4408622085 -4.4349727531 -4.4148382529 -4.4073228299 -4.3862435803 -4.3808725050 -4.3685997521 -4.3654907784 -4.2943473249 -4.2894320233 -4.2859982369 -4.2854899385 -4.2699755505 -4.2667246179 -4.2601012840 -4.2482917182 -4.2382502466 -4.2360476492 -4.2274951420 -4.2207232632 -4.1952434588 -4.1847333644 -4.1580998229 -4.1558115190 -4.1411524292 -4.1375634051 -4.1345182294 -4.1319686802 -4.1218570023 -4.1081079862 -4.0838638394 -4.0826834197 -4.0725243667 -4.0714418424 -4.0613552490 -4.0561719406 -4.0485225461 -4.0480759838 -4.0364626046 -4.0304073681 -4.0214701384 -4.0118267553 -3.9951177725 -3.9915561964 -3.9801259909 -3.9725928371 -3.9550747805 -3.9503026131 -3.9300697089 -3.9276628406 -3.9181955610 -3.8968186385 -3.8883561372 -3.8641523369 -3.8576076803 -3.8554202809 -3.8365806184 -3.8359894646 -3.8013587472 -3.8004041858 -3.7841253206 -3.7833101900 -3.7187590698 -3.7152845060 -3.7010175562 -3.6892923916 -3.6625114189 -3.6573213078 -3.6418851852 -3.6395013221 -3.6055543995 -3.5876060575
-4.5491778729 -4.5488246027 -4.4794552703 -4.4779746502 -4.4392399693 -4.4340004073 -4.4184829975 -4.4122461186 -4.3864591956 -4.3826203082 -4.3702070353 -4.3682565963 -4.2910632806 -4.2869572249 -4.2832199366 -4.2821921179 -4.2722739622 -4.2684839093 -4.2619893239 -4.2523966260 -4.2393702193 -4.2378951989 -4.2286603954 -4.2232047367 -4.1891057642 -4.1777165763 -4.1569745827 -4.1554514237 -4.1447127827 -4.1397872176 -4.1363389124 -4.1357977884 -4.1162756176 -4.1016042180 -4.0804529189 -4.0802744443 -4.0710803810 -4.0680662553 -4.0562816199 -4.0521405629 -4.0491809212 -4.0473266727 -4.0337444998 -4.0299237639 -4.0199403930 -4.0194359776 -4.0032650217 -4.0001171390 -3.9728762593 -3.9668634911 -3.9495790322 -3.9444966287 -3.9291083513 -3.9251242182 -3.9225458096 -3.9064356142 -3.8815441123 -3.8598321235 -3.8571666963 -3.8522196592 -3.8365051887 -3.8359810359 -3.8016609797 -3.8008967995 -3.7850957945 -3.7845164266 -3.7114369312 -3.7074340534 -3.6936984966 -3.6812658015 -3.6558454603 -3.6506638921 -3.6357623194 -3.6334252407 -3.5978833769 -3.5800868384
-4.5468841692 -4.5467211569 -4.4796108399 -4.4787834616 -4.4367110774 -4.4333061284 -4.4206964633 -4.4166643800 -4.3861717350 -4.3841225526 -4.3710331133 -4.3700175394 -4.2880642139 -4.2850728500 -4.2805778821 -4.2787579960 -4.2741792041 -4.2704233181 -4.2636025767 -4.2562736880 -4.2401683583 -4.2391539223 -4.2291885176 -4.2251894917 -4.1828608738 -4.1708305336 -4.1567351343 -4.1561487929 -4.1492081724 -4.1462323875 -4.1360295607 -4.1356748000 -4.1102403794 -4.0951066509 -4.0797237254 -4.0795551044 -4.0667063032 -4.0635026361 -4.0537565432 -4.0518654719 -4.0471993823 -4.0424420862 -4.0403206756 -4.0276230225 -4.0226743926 -4.0148284980 -4.0107194714 -4.0074920204 -3.9665128976 -3.9615169943 -3.9431818855 -3.9394501495 -3.9374019152 -3.9209042705 -3.9180141555 -3.9155680988 -3.8747859254 -3.8582200283 -3.8565969921 -3.8461810167 -3.8363860092 -3.8359631366 -3.8017028403 -3.8011205199 -3.7857454152 -3.7853950607 -3.7041456374 -3.6996270232 -3.6863762666 -3.6732786120 -3.6491051330 -3.6439307911 -3.6295752745 -3.6272873080 -3.5902416966 -3.5726050079
-4.5460597156 -4.5459753773 -4.4794062346 -4.4793961331 -4.4343841145 -4.4341187887 -4.4200138162 -4.4198830321 -4.3854039026 -4.3852770070 -4.3710651584 -4.3708502844 -4.2854546140 -4.2844374002 -4.2782533946 -4.2757195379 -4.2749739404 -4.2724008225 -4.2646091762 -4.2596688741 -4.2406100373 -4.2397631008 -4.2290564325 -4.2266346142 -4.1766501513 -4.1654633734 -4.1588975902 -4.1580765856 -4.1515970879 -4.1505786385 -4.1357786619 -4.1354196470 -4.1040087119 -4.0887760356 -4.0797473430 -4.0793673154 -4.0617870838 -4.0602745556 -4.0539859231 -4.0518441766 -4.0471238754 -4.0398418784 -4.0391080931 -4.0310679865 -4.0225987751 -4.0182709090 -4.0120169692 -4.0054477324 -3.9609905075 -3.9567690197 -3.9487838396 -3.9359633639 -3.9312255309 -3.9263084532 -3.9151354371 -3.9123514982 -3.8681803788 -3.8574315132 -3.8557948729 -3.8394169743 -3.8360241032 -3.8359275877 -3.8015038373 -3.8010594068 -3.7860491586 -3.7859159357 -3.6968772234 -3.6918598056 -3.6790435823 -3.6653271184 -3.6422947943 -3.6371271333 -3.6233238265 -3.6210859548 -3.5826251770 -3.5651563807
-4.5468560564 -4.5450311408 -4.4806471710 -4.4780792876 -4.4347500856 -4.4337894774 -4.4201531873 -4.4197286040 -4.3868173025 -4.3841966233 -4.3716068767 -4.3696795836 -4.2878684963 -4.2837655103 -4.2784977110 -4.2767622089 -4.2741861771 -4.2707456849 -4.2653687983 -4.2588696830 -4.2425968855 -4.2397442314 -4.2276777396 -4.2252716231 -4.1766521616 -4.1656078378 -4.1594713968 -4.1577706111 -4.1527653081 -4.1489532527 -4.1389187070 -4.1321050194 -4.1039432129 -4.0890480590 -4.0825138298 -4.0764524265 -4.0636248921 -4.0592620973 -4.0551866241 -4.0506785667 -4.0472762707 -4.0415608514 -4.0370231010 -4.0311630702 -4.0234529143 -4.0169264489 -4.0125999355 -4.0044371371 -3.9612024497 -3.9565505738 -3.9486917907 -3.9358883628 -3.9311858147 -3.9262162851 -3.9156946078 -3.9117378267 -3.8685055934 -3.8618506314 -3.8511473176 -3.8420052876 -3.8388477837 -3.8304720826 -3.8068972973 -3.7957559660 -3.7911599798 -3.7807228266 -3.6981042069 -3.6909623596 -3.6792100009 -3.6648988053 -3.6438228332 -3.6357767358 -3.6257303500 -3.6182598267 -3.5825289709 -3.5650989024
-4.5475661674 -4.5439284248 -4.4818296337 -4.4767020337 -4.4352864239 -4.4333926588 -4.4203353982 -4.4195342325 -4.3884199570 -4.3836277588 -4.3714382779 -4.3679898116 -4.2916519605 -4.2852297569 -4.2800853318 -4.2762496779 -4.2720728212 -4.2686094403 -4.2664683912 -4.2576265024 -4.2453034581 -4.2410720018 -4.2243099696 -4.2221607730 -4.1766040561 -4.1661325282 -4.1605044379 -4.1575817989 -4.1535352308 -4.1471240758 -4.1416464212 -4.1285744878 -4.1038836809 -4.0898808150 -4.0850907908 -4.0732643473 -4.0667013092 -4.0602168311 -4.0547940209 -4.0511833136 -4.0463187168 -4.0429823812 -4.0347030001 -4.0314841044 -4.0238244412 -4.0161036837 -4.0127070760 -4.0017830892 -3.9631399379 -3.9549330498 -3.9484472784 -3.9357378784 -3.9310204008 -3.9259914535 -3.9179316422 -3.9090143831 -3.8701948469 -3.8656061900 -3.8476973819 -3.8458055403 -3.8386721927 -3.8249158928 -3.8125255663 -3.7967393249 -3.7899111429 -3.7753995119 -3.7001721265 -3.6898517484 -3.6794234982 -3.6639135675 -3.6458541305 -3.6345751891 -3.6274411489 -3.6153676085 -3.5823235379 -3.5649801200
-4.5481622822 -4.5427146150 -4.4829524356 -4.4752793760 -4.4359035738 -4.4330294462 -4.4205417473 -4.4193418911 -4.3899906291 -4.3836784367 -4.3704564829 -4.3660089595 -4.2957558522 -4.2878489224 -4.2827220807 -4.2748803032 -4.2707213236 -4.2668562659 -4.2663336387 -4.2568319384 -4.2471791970 -4.2426604362 -4.2202526532 -4.2180541104 -4.1765178971 -4.1672562928 -4.1614120975 -4.1576331666 -4.1537206785 -4.1474282850 -4.1418688346 -4.1250214983 -4.1038388242 -4.0917129642 -4.0867648967 -4.0708680490 -4.0691761354 -4.0627923478 -4.0549007585 -4.0519556900 -4.0463184749 -4.0420034197 -4.0346497622 -4.0305039815 -4.0227632872 -4.0177340815 -4.0100075180 -3.9986560922 -3.9655132134 -3.9531981151 -3.9480594518 -3.9355239415 -3.9308966757 -3.9256296550 -3.9197830813 -3.9060947049 -3.8744609574 -3.8668515383 -3.8530771226 -3.8419781612 -3.8372401870 -3.8195027672 -3.8180421567 -3.8020159925 -3.7843748938 -3.7700906019 -3.7025285094 -3.6893801897 -3.6792146132 -3.6626064425 -3.6479451124 -3.6348939164 -3.6274465999 -3.6124559235 -3.5820096443 -3.5648029656
-4.5486468359 -4.5413944516 -4.4840154533 -4.4738181726 -4.4366066295 -4.4326987196 -4.4208019596 -4.4191412458 -4.3914194195 -4.3841588644 -4.3688805681 -4.3638098276 -4.3000174419 -4.2908894682 -4.2854115661 -4.2752175835 -4.2697117162 -4.2658876834 -4.2648801502 -4.2564128808 -4.2478694605 -4.2434762799 -4.2160632558 -4.2132982422 -4.1764190849 -4.1690053101 -4.1618931785 -4.1579271852 -4.1536255470 -4.1497114923 -4.1396467670 -4.1214724374 -4.1038186366 -4.0943994177 -4.0876800090 -4.0736274833 -4.0668732267 -4.0653334882 -4.0575519284 -4.0518585375 -4.0465619798 -4.0404382104 -4.0355925092 -4.0285485243 -4.0213755575 -4.0185381656 -4.0067560666 -3.9953829875 -3.9680201167 -3.9516177549 -3.9475419393 -3.9352763722 -3.9311168874 -3.9251048994 -3.9208254235 -3.9031153771 -3.8796241872 -3.8672386849 -3.8586067279 -3.8405684311 -3.8332014592 -3.8238329312 -3.8139617365 -3.8071993145 -3.7788150454 -3.7647996949 -3.7050137417 -3.6898589703 -3.6782821270 -3.6612464063 -3.6498905658 -3.6366821608 -3.6258708804 -3.6095434392 -3.5815841725 -3.5645675914
-4.5490227982 -4.5399729226 -4.4850192994 -4.4723259550 -4.4374023809 -4.4323972179 -4.4211595064 -4.4189068887 -4.3926306788 -4.3848350438 -4.3669773473 -4.3614316696 -4.3043523246 -4.2941973878 -4.2880434113 -4.2769262681 -4.2688525549 -4.2665898108 -4.2627161384 -4.2554209783 -4.2479746414 -4.2428862476 -4.2118070571 -4.2082023535 -4.1763959176 -4.1710533140 -4.1620450180 -4.1586364655 -4.1537974305 -4.1514551787 -4.1368719770 -4.1179572533 -4.1038445312 -4.0974100143 -4.0883807730 -4.0769866412 -4.0685601063 -4.0636468576 -4.0603595895 -4.0533223524 -4.0455568725 -4.0413560629 -4.0340896300 -4.0277426021 -4.0205558187 -4.0167340796 -4.0033730228 -3.9920859740 -3.9705514489 -3.9502475259 -3.9469183081 -3.9351156900 -3.9318035803 -3.9244067191 -3.9207994759 -3.9001387080 -3.8849298405 -3.8676648578 -3.8639179525 -3.8402977845 -3.8294376659 -3.8280166636 -3.8132911253 -3.8077124757 -3.7732694055 -3.7595286912 -3.7075695973 -3.6911171665 -3.6767650232 -3.6601912854 -3.6514247770 -3.6389579645 -3.6236861860 -3.6066429099 -3.5810423503 -3.5642737735
-4.5492941307 -4.5384561081 -4.4859657627 -4.4708113906 -4.4382953807 -4.4321242624 -4.4216536728 -4.4186087740 -4.3935759972 -4.3855440158 -4.3649479610 -4.3588970400 -4.3086999529 -4.2977081911 -4.2905828025 -4.2790999967 -4.2700143566 -4.2670602963 -4.2605354545 -4.2537409572 -4.2474950217 -4.2412177592 -4.2074907371 -4.2029767733 -4.1767788391 -4.1728163111 -4.1621922920 -4.1599904101 -4.1545614562 -4.1515730187 -4.1339353364 -4.1145308249 -4.1040050458 -4.1004028923 -4.0891785204 -4.0803149433 -4.0711913676 -4.0647323110 -4.0594588341 -4.0555825578 -4.0456035239 -4.0419909508 -4.0319865134 -4.0279192372 -4.0186162799 -4.0138783349 -3.9999431998 -3.9888654088 -3.9730045493 -3.9491154988 -3.9462150171 -3.9354219935 -3.9324114001 -3.9235970685 -3.9197893237 -3.8973022465 -3.8901165140 -3.8705399563 -3.8667014676 -3.8405362271 -3.8346836806 -3.8226844990 -3.8184261048 -3.8024304725 -3.7677439517 -3.7542789736 -3.7101685360 -3.6928510315 -3.6749613024 -3.6599383885 -3.6521594803 -3.6412390321 -3.6212939004 -3.6037651793 -3.5803778208 -3.5639210918
-4.5494659016 -4.5368514442 -4.4868579414 -4.4692844701 -4.4392863309 -4.4318848672 -4.4222989072 -4.4182235406 -4.3942337491 -4.3861914524 -4.3629321043 -4.3562218630 -4.3130073462 -4.3013558466 -4.2930206963 -4.2814333546 -4.2725482792 -4.2676019404 -4.2582644238 -4.2517558945 -4.2461958949 -4.2390384505 -4.2031659820 -4.1977669214 -4.1781638097 -4.1735200038 -4.1635081152 -4.1608476988 -4.1549300675 -4.1509933965 -4.1309256554 -4.1113359835 -4.1049906388 -4.1025108803 -4.0902907543 -4.0834781858 -4.0736404537 -4.0679365049 -4.0581561269 -4.0565073109 -4.0478882484 -4.0405077350 -4.0322600040 -4.0261239858 -4.0159262847 -4.0107381901 -3.9965086127 -3.9859115382 -3.9751763459 -3.9483165007 -3.9454290186 -3.9364194814 -3.9323193785 -3.9227367621 -3.9180863349 -3.8966911106 -3.8930529078 -3.8758510966 -3.8669758088 -3.8426556883 -3.8381406190 -3.8237880896 -3.8172371369 -3.7969551018 -3.7622410273 -3.7490518144 -3.7127948296 -3.6948573241 -3.6731210938 -3.6606706664 -3.6521081724 -3.6431677639 -3.6188202734 -3.6009208065 -3.5795825623 -3.5635089129
-4.5495443515 -4.5351679540 -4.4877003092 -4.4677566927 -4.4403709861 -4.4316943315 -4.4230723887 -4.4177385380 -4.3946094405 -4.3867257025 -4.3610371348 -4.3534213751 -4.3172217343 -4.3050581004 -4.2953583961 -4.2838244680 -4.2753350966 -4.2688198386 -4.2558761024 -4.2496447291 -4.2442647924 -4.2366328230 -4.1989565714 -4.1927311866 -4.1802168877 -4.1733483239 -4.1660255668 -4.1606553020 -4.1548332865 -4.1501900083 -4.1278802937 -4.1090343776 -4.1073362974 -4.1025803175 -4.0919188470 -4.0863272485 -4.0758133387 -4.0712082435 -4.0608274777 -4.0541072697 -4.0500433478 -4.0387617305 -4.0338202379 -4.0229447124 -4.0129677607 -4.0074858274 -3.9931128364 -3.9838125648 -3.9764455889 -3.9480855355 -3.9444938880 -3.9374678778 -3.9317716217 -3.9218655376 -3.9159763474 -3.9011948695 -3.8907992178 -3.8813349213 -3.8669607059 -3.8475543974 -3.8388512203 -3.8291299072 -3.8117893235 -3.7914673422 -3.7567620937 -3.7438487090 -3.7154379684 -3.6970259855 -3.6715125253 -3.6618535105 -3.6521804791 -3.6441689533 -3.6163147110 -3.5981208383 -3.5786468949 -3.5630363238
-4.5495369553 -4.5334165442 -4.4884987195 -4.4662413006 -4.4415394543 -4.4315850932 -4.4239105113 -4.4171493368 -4.3947333533 -4.3871201754 -4.3593610322 -4.3505126613 -4.3212864684 -4.3087144122 -4.2975994501 -4.2862278773 -4.2781189593 -4.2705014767 -4.2534119340 -4.2474689552 -4.2420027849 -4.2341287582 -4.1951793544 -4.1881780585 -4.1820305462 -4.1730964512 -4.1682583774 -4.1601731294 -4.1544194565 -4.1492452609 -4.1248299222 -4.1110887241 -4.1070643288 -4.1012852784 -4.0940506400 -4.0888058346 -4.0777486922 -4.0742542040 -4.0635781309 -4.0550346038 -4.0489724463 -4.0379111823 -4.0346521718 -4.0194778827 -4.0099074419 -4.0042034783 -3.9898685495 -3.9836166553 -3.9756468745 -3.9486639829 -3.9433458875 -3.9379920927 -3.9310465594 -3.9210952173 -3.9137633880 -3.9057821040 -3.8886792009 -3.8862335697 -3.8668351153 -3.8530662103 -3.8390729445 -3.8343189966 -3.8063368223 -3.7859881841 -3.7513084213 -3.7386720419 -3.7180894729 -3.6992970033 -3.6705892666 -3.6627294001 -3.6531964188 -3.6437666597 -3.6138016629 -3.5953770327 -3.5775597472 -3.5625020299
-4.5494524857 -4.5316104192 -4.4892602948 -4.4647535805 -4.4427758681 -4.4316136676 -4.4247104757 -4.4164560576 -4.3946554756 -4.3873637773 -4.3580077399 -4.3475149382 -4.3251397221 -4.3122034337 -4.2997462978 -4.2886179617 -4.2808210337 -4.2724172658 -4.2509184238 -4.2452674973 -4.2396131659 -4.2315938040 -4.1927597716 -4.1851301858 -4.1819369317 -4.1739925673 -4.1685234482 -4.1595362788 -4.1537313553 -4.1481727786 -4.1218390914 -4.1141980105 -4.1071382259 -4.0997869687 -4.0957652403 -4.0910213545 -4.0798510512 -4.0765629921 -4.0663595505 -4.0577927354 -4.0461922027 -4.0390009608 -4.0334606424 -4.0159278815 -4.0068192090 -4.0009635809 -3.9875347593 -3.9840572660 -3.9732549015 -3.9500214279 -3.9419974995 -3.9378425380 -3.9302923995 -3.9207965555 -3.9126110853 -3.9084655640 -3.8927372829 -3.8849757096 -3.8666541133 -3.8586193635 -3.8409291531 -3.8377095916 -3.8008903863 -3.7805237462 -3.7458815408 -3.7335275962 -3.7207392928 -3.7016350083 -3.6708841203 -3.6627320760 -3.6548463358 -3.6423272437 -3.6112958393 -3.5927014857 -3.5763094302 -3.5619042059
-4.5493010824 -4.5297656753 -4.4899931095 -4.4633112405 -4.4440583862 -4.4318546885 -4.4253448552 -4.4156610261 -4.3944399236 -4.3874557298 -4.3570924516 -4.3444496139 -4.3287181089 -4.3153798043 -4.3017992793 -4.2909777399 -4.2834129982 -4.2744186788 -4.2484300708 -4.2430703558 -4.2372048060 -4.2290703507 -4.1929590670 -4.1833833517 -4.1801931477 -4.1749256542 -4.1666692426 -4.1587437663 -4.1527435676 -4.1469654123 -4.1194576441 -4.1167989584 -4.1080157965 -4.1010308664 -4.0951725367 -4.0925148677 -4.0824805030 -4.0777192271 -4.0691396111 -4.0607553111 -4.0438130280 -4.0401235693 -4.0315898609 -4.0123554716 -4.0037667830 -3.9978894612 -3.9880420380 -3.9819648144 -3.9703911026 -3.9518990989 -3.9404960967 -3.9371734197 -3.9297280992 -3.9218341786 -3.9137171308 -3.9070302063 -3.8980496279 -3.8825109702 -3.8669559288 -3.8635470373 -3.8458298500 -3.8379486380 -3.7954549837 -3.7750767547 -3.7404842603 -3.7284469011 -3.7233529853 -3.7040160255 -3.6722601861 -3.6623622094 -3.6562434811 -3.6403871089 -3.6088075477 -3.5901054895 -3.5748851990 -3.5612402795
-4.5490943217 -4.5279021655 -4.4907055149 -4.4619348393 -4.4453594775 -4.4323588051 -4.4257099588 -4.4147678707 -4.3941605768 -4.3874028841 -4.3567276390 -4.3413436203 -4.3319666931 -4.3180770262 -4.3037564061 -4.2932944866 -4.2858837604 -4.2764149339 -4.2459719821 -4.2408991996 -4.2348338550 -4.2265886143 -4.1949308472 -4.1830397352 -4.1796123499 -4.1728613287 -4.1638581347 -4.1577292397 -4.1513695628 -4.1456021095 -4.1212128530 -4.1154450584 -4.1094937540 -4.1033929580 -4.0964526441 -4.0910983025 -4.0850230414 -4.0780887305 -4.0718807264 -4.0637141738 -4.0440569047 -4.0386748157 -4.0295860505 -4.0087963077 -4.0008786638 -3.9953468530 -3.9890457677 -3.9788445193 -3.9674539249 -3.9540443097 -3.9389308198 -3.9362323376 -3.9299961126 -3.9238856739 -3.9138268733 -3.9047646495 -3.9028269576 -3.8802564352 -3.8708649273 -3.8646266831 -3.8511013735 -3.8376954438 -3.7900336587 -3.7696489210 -3.7351263087 -3.7262005247 -3.7231564571 -3.7064174687 -3.6741830853 -3.6630181970 -3.6562688283 -3.6382087529 -3.6063448041 -3.5875975516 -3.5732797607 -3.5605066076
-4.5488452843 -4.5260447651 -4.4914048837 -4.4606481745 -4.4466464722 -4.4330959719 -4.4257861283 -4.4137817131 -4.3938974750 -4.3872192876 -4.3569806338 -4.3382661811 -4.3348227467 -4.3201300925 -4.3056131282 -4.2955574383 -4.2882268583 -4.2783475374 -4.2435638415 -4.2387693485 -4.2325305611 -4.2241723375 -4.1975149659 -4.1855116203 -4.1779740450 -4.1692832645 -4.1609676565 -4.1563345563 -4.1494499062 -4.1440429466 -4.1242881452 -4.1139528920 -4.1106869642 -4.1054773520 -4.0986931050 -4.0907222500 -4.0854138255 -4.0780314443 -4.0744856044 -4.0666012738 -4.0457447808 -4.0357882396 -4.0275266014 -4.0052997961 -3.9986347700 -3.9940053619 -3.9883694615 -3.9756122018 -3.9646090102 -3.9562652345 -3.9378003592 -3.9354271829 -3.9315376501 -3.9247225406 -3.9135862910 -3.9077026290 -3.9013582681 -3.8787157720 -3.8759301999 -3.8639129401 -3.8563167596 -3.8372900694 -3.7846285542 -3.7642418356 -3.7300242411 -3.7285193439 -3.7182370996 -3.7087923834 -3.6763467657 -3.6649009770 -3.6549198429 -3.6359034371 -3.6039141865 -3.5851809366 -3.5714924639 -3.5596979796
-4.5485686125 -4.5242252164 -4.4920954744 -4.4594783801 -4.4478823975 -4.4339629174 -4.4256321193 -4.4127103459 -4.3937316897 -4.3869283960 -4.3578172093 -4.3376654637 -4.3348872552 -4.3214250022 -4.3073617122 -4.2977561219 -4.2904348145 -4.2801747038 -4.2412223864 -4.2366918669 -4.2303131371 -4.2218427983 -4.2003135865 -4.1886513189 -4.1763988774 -4.1653247731 -4.1587004004 -4.1544459300 -4.1468326911 -4.1422080484 -4.1273700088 -4.1158547795 -4.1101119487 -4.1063112242 -4.1010049515 -4.0929874391 -4.0831349488 -4.0782682012 -4.0762121485 -4.0693617615 -4.0476254444 -4.0327256038 -4.0254133868 -4.0020738247 -3.9981259094 -3.9924571867 -3.9859958929 -3.9724019464 -3.9621753647 -3.9582123126 -3.9396349004 -3.9344091849 -3.9315444679 -3.9246764701 -3.9153073615 -3.9090024408 -3.8985317598 -3.8825426733 -3.8761185505 -3.8636065560 -3.8605957340 -3.8367593389 -3.7792414059 -3.7588578134 -3.7314795665 -3.7243833041 -3.7137493461 -3.7106946581 -3.6786240377 -3.6672879393 -3.6529951539 -3.6335231307 -3.6015211140 -3.5828517105 -3.5695323193 -3.5588068334
-4.5482805463 -4.5224847585 -4.4927750791 -4.4584552176 -4.4490271707 -4.4348413616 -4.4253284612 -4.4115667003 -4.3937364340 -4.3865670207 -4.3590799577 -4.3398696022 -4.3319060173 -4.3219429002 -4.3089898143 -4.2998786569 -4.2924961865 -4.2818623680 -4.2389627873 -4.2346750148 -4.2281951669 -4.2196249892 -4.2031830622 -4.1919528539 -4.1750207390 -4.1613965160 -4.1570126869 -4.1523416639 -4.1437197418 -4.1399196365 -4.1302598023 -4.1189721584 -4.1112874051 -4.1047354286 -4.1031672833 -4.0956627983 -4.0815549793 -4.0793384882 -4.0755225349 -4.0718863326 -4.0495301062 -4.0296880770 -4.0232222273 -4.0008903289 -3.9972130601 -3.9898827202 -3.9831006648 -3.9692882679 -3.9620158129 -3.9579973922 -3.9438164292 -3.9330228361 -3.9300550139 -3.9252385855 -3.9176742626 -3.9078847023 -3.8957103962 -3.8881856504 -3.8748875261 -3.8674453188 -3.8602422404 -3.8360931195 -3.7738739149 -3.7535020179 -3.7340711670 -3.7191814181 -3.7141652583 -3.7076730522 -3.6809587370 -3.6698486106 -3.6508525370 -3.6310951013 -3.5991698331 -3.5805985200 -3.5674198112 -3.5578219875
-4.5479989246 -4.5208776374 -4.4934302595 -4.4576087026 -4.4500392672 -4.4356333433 -4.4249449934 -4.4103735743 -4.3939636415 -4.3861870856 -4.3605297844 -4.3418222623 -4.3290303247 -4.3217350608 -4.3104772974 -4.3019093645 -4.2943936300 -4.2833786606 -4.2367995346 -4.2327251514 -4.2261907934 -4.2175653404 -4.2060263669 -4.1953055558 -4.1737517205 -4.1579204374 -4.1553737342 -4.1502847424 -4.1409598211 -4.1370150939 -4.1324586380 -4.1223254532 -4.1133231048 -4.1058158004 -4.1023349725 -4.0977798953 -4.0834114596 -4.0780522600 -4.0748573787 -4.0726797188 -4.0514230359 -4.0267605870 -4.0209115386 -4.0023274340 -3.9941864306 -3.9870104721 -3.9801205998 -3.9666279443 -3.9635601352 -3.9560029333 -3.9482754820 -3.9331744983 -3.9281348723 -3.9261262116 -3.9180502795 -3.9061660242 -3.8940166729 -3.8928581780 -3.8746622916 -3.8714683146 -3.8584675589 -3.8352688828 -3.7685282668 -3.7481926222 -3.7366420984 -3.7168438984 -3.7136106752 -3.7028056083 -3.6833223578 -3.6724703974 -3.6486131566 -3.6286350631 -3.5968632538 -3.5784046546 -3.5651872246 -3.5567265993
-4.5477431338 -4.5194750588 -4.4940306128 -4.4569640815 -4.4508780939 -4.4362688110 -4.4245386051 -4.4091728759 -4.3944249112 -4.3858498515 -4.3619145642 -4.3434081417 -4.3265513401 -4.3208237392 -4.3117880009 -4.3038240903 -4.2961023155 -4.2846901650 -4.2347473680 -4.2308474579 -4.2243216999 -4.2158093473 -4.2086621563 -4.1986640029 -4.1725272150 -4.1555451520 -4.1531725839 -4.1483159219 -4.1398648713 -4.1348931965 -4.1316263283 -4.1255322896 -4.1154745318 -4.1081511724 -4.1027520639 -4.0972892316 -4.0857393184 -4.0776813651 -4.0757570307 -4.0698859745 -4.0532887370 -4.0240149316 -4.0184341213 -4.0041827058 -3.9908998805 -3.9841071494 -3.9772486379 -3.9669743002 -3.9624155961 -3.9554871943 -3.9510873448 -3.9363953551 -3.9259574009 -3.9249703267 -3.9171108879 -3.9044064387 -3.8994962063 -3.8903627014 -3.8783891315 -3.8715347179 -3.8564516389 -3.8342572608 -3.7632083760 -3.7430878390 -3.7390144305 -3.7191923649 -3.7085125169 -3.6978606996 -3.6856972443 -3.6751042301 -3.6463254765 -3.6261527195 -3.5946027420 -3.5762516700 -3.5628784377 -3.5554950781
-4.5475339827 -4.5183676179 -4.4945241979 -4.4565339240 -4.4515074281 -4.4367073322 -4.4241591365 -4.4080437511 -4.3950628163 -4.3856099104 -4.3630219887 -4.3445608822 -4.3247799080 -4.3192303510 -4.3128410085 -4.3055777156 -4.2975886382 -4.2857593442 -4.2328230283 -4.2290472805 -4.2226363366 -4.2150105799 -4.2103853718 -4.2019933794 -4.1713157823 -4.1540693716 -4.1507826838 -4.1466065448 -4.1407746259 -4.1336796168 -4.1290906855 -4.1267799269 -4.1173569000 -4.1105594627 -4.1048711696 -4.0954195822 -4.0875710200 -4.0793048718 -4.0747425128 -4.0664944603 -4.0551039047 -4.0215071302 -4.0157714828 -4.0060378413 -3.9876786927 -3.9812919343 -3.9748861188 -3.9687210504 -3.9599006279 -3.9585305541 -3.9500520083 -3.9407980560 -3.9235194855 -3.9227439451 -3.9156857677 -3.9059702971 -3.9016848143 -3.8880116522 -3.8830405573 -3.8703376425 -3.8543733395 -3.8330257530 -3.7579244358 -3.7421931121 -3.7371709323 -3.7216828468 -3.7033369890 -3.6929315378 -3.6880646126 -3.6777179305 -3.6440121444 -3.6236543534 -3.5923879513 -3.5741231120 -3.5605490400 -3.5540895061
-4.5473934818 -4.5176614108 -4.4948392643 -4.4563096433 -4.4518997820 -4.4369410958 -4.4238535076 -4.4071332121 -4.3957107816 -4.3854919359 -4.3637107395 -4.3452394467 -4.3237727103 -4.3174471453 -4.3133833063 -4.3070592960 -4.2988092477 -4.2865434000 -4.2310500008 -4.2273348722 -4.2212976270 -4.2161724103 -4.2100508534 -4.2052298007 -4.1701146421 -4.1530127222 -4.1491437488 -4.1456151835 -4.1413372513 -4.1348187210 -4.1275812065 -4.1245352746 -4.1179019087 -4.1129319516 -4.1070328117 -4.0949947965 -4.0878021982 -4.0808458411 -4.0733823588 -4.0630174689 -4.0567756415 -4.0192702008 -4.0130121629 -4.0076887723 -3.9847009082 -3.9787679685 -3.9744513937 -3.9689805438 -3.9623368307 -3.9569513802 -3.9493092212 -3.9441932898 -3.9209565769 -3.9201775484 -3.9142811716 -3.9111440099 -3.9002756657 -3.8872594491 -3.8858735004 -3.8688193258 -3.8523275320 -3.8315437712 -3.7527220784 -3.7445243318 -3.7320610243 -3.7241858910 -3.6982146251 -3.6904288936 -3.6880298734 -3.6802586153 -3.6416848145 -3.6211441524 -3.5902167702 -3.5720071844 -3.5582638671 -3.5524595791
-4.5473445065 -4.5174612797 -4.4948992764 -4.4562587435 -4.4520391303 -4.4369965696 -4.4236658230 -4.4066740415 -4.3960717738 -4.3854710255 -4.3639243039 -4.3454374533 -4.3233455326 -4.3166599160 -4.3129481637 -4.3078995265 -4.2997077239 -4.2869956670 -4.2294758403 -4.2257498513 -4.2210299514 -4.2174818639 -4.2092776945 -4.2077473211 -4.1689538249 -4.1527423294 -4.1487922553 -4.1447130586 -4.1412669695 -4.1368032263 -4.1249728972 -4.1243806539 -4.1163248354 -4.1143960739 -4.1086755644 -4.0965035908 -4.0868656132 -4.0813088948 -4.0719145297 -4.0604229601 -4.0574170991 -4.0173724008 -4.0109438315 -4.0082508914 -3.9826034200 -3.9776235183 -3.9750686458 -3.9680841560 -3.9638491877 -3.9559311436 -3.9509623551 -3.9437151617 -3.9190252828 -3.9176671619 -3.9164904581 -3.9119255820 -3.8998158600 -3.8898091802 -3.8841236220 -3.8670066061 -3.8503706130 -3.8297892006 -3.7484696705 -3.7460380592 -3.7273873440 -3.7261572793 -3.6938972871 -3.6919646172 -3.6840556287 -3.6818982064 -3.6393497377 -3.6186249441 -3.5880854245 -3.5698980001 -3.5560820473 -3.5505563118
-4.5475896090 -4.5183482858 -4.4946179950 -4.4564100520 -4.4514620691 -4.4369239250 -4.4244432100 -4.4084931682 -4.3943695645 -4.3852477177 -4.3632363948 -4.3447835391 -4.3244362866 -4.3180667642 -4.3156177302 -4.3067893552 -4.2956568080 -4.2849168766 -4.2355287547 -4.2319248985 -4.2181032079 -4.2153516718 -4.2063731936 -4.2049544009 -4.1740793712 -4.1546585327 -4.1497851460 -4.1452935174 -4.1404162197 -4.1322978643 -4.1296210920 -4.1251078909 -4.1199296301 -4.1182475926 -4.1006988365 -4.0937591511 -4.0880593998 -4.0786493764 -4.0778825999 -4.0640795593 -4.0618119408 -4.0243319027 -4.0140549550 -4.0116887504 -3.9894927747 -3.9776174492 -3.9768513521 -3.9683853533 -3.9625940531 -3.9567369001 -3.9494238531 -3.9438801381 -3.9280277200 -3.9205325811 -3.9121849774 -3.9109349151 -3.8962055006 -3.8906383395 -3.8839838216 -3.8746676902 -3.8579334002 -3.8373829563 -3.7539695669 -3.7513665839 -3.7328180961 -3.7315607039 -3.6993517260 -3.6974876247 -3.6886416314 -3.6865662574 -3.6487381776 -3.6287508608 -3.5965423961 -3.5783423271 -3.5646350760 -3.5587399594
-4.5484790974 -4.5216074456 -4.4931617270 -4.4568240462 -4.4498542221 -4.4371854418 -4.4255429479 -4.4112666203 -4.3909512171 -4.3841591772 -4.3614629855 -4.3429834426 -4.3256121151 -4.3208486418 -4.3172477841 -4.3058083252 -4.2901480096 -4.2810779897 -4.2417761740 -4.2381419998 -4.2155087659 -4.2135291467 -4.2038768992 -4.2022801732 -4.1798259953 -4.1624139211 -4.1475072492 -4.1462978047 -4.1414013097 -4.1319042001 -4.1298661829 -4.1241805413 -4.1223619353 -4.1202552884 -4.0971501044 -4.0949860713 -4.0865017061 -4.0838943184 -4.0692321329 -4.0671892561 -4.0651564594 -4.0316762807 -4.0171068328 -4.0144243779 -3.9981324025 -3.9802127810 -3.9786748096 -3.9679266739 -3.9643676660 -3.9586335412 -3.9453089973 -3.9404283965 -3.9376707298 -3.9279114924 -3.9061743261 -3.9046517157 -3.8970466043 -3.8911489369 -3.8821020710 -3.8771661892 -3.8653549560 -3.8449890566 -3.7594324788 -3.7566471004 -3.7382475344 -3.7369672913 -3.7047246270 -3.7029214087 -3.6930473413 -3.6910699697 -3.6581976205 -3.6389348728 -3.6050197422 -3.5868183629 -3.5732552537 -3.5669626158
-4.5501650065 -4.5267004964 -4.4910831994 -4.4574246569 -4.4473656666 -4.4385078732 -4.4262045879 -4.4132455405 -4.3868514563 -4.3817686381 -4.3592095038 -4.3408448683 -4.3265529632 -4.3235190717 -4.3180220277 -4.3047231349 -4.2840524799 -4.2760278610 -4.2480065754 -4.2442476070 -4.2134378506 -4.2120290901 -4.2018059848 -4.1997867089 -4.1855688371 -4.1704797239 -4.1505888342 -4.1474198077 -4.1423571972 -4.1328600192 -4.1294921959 -4.1270354062 -4.1186049645 -4.1163616674 -4.1013436412 -4.0976815116 -4.0897691304 -4.0781681267 -4.0714166631 -4.0696986431 -4.0547098902 -4.0391831664 -4.0206029985 -4.0166987927 -4.0063364575 -3.9831877216 -3.9810430344 -3.9767230003 -3.9616194206 -3.9551213359 -3.9503536536 -3.9430332496 -3.9366442451 -3.9299378853 -3.9037353973 -3.8995929270 -3.8975666557 -3.8908164881 -3.8833944132 -3.8735947084 -3.8692820279 -3.8525986770 -3.7648601284 -3.7618826789 -3.7436695997 -3.7423750537 -3.7099940689 -3.7082338644 -3.6972714326 -3.6954204590 -3.6677097696 -3.6491616865 -3.6135101670 -3.5953207236 -3.5819333468 -3.5752201998
-4.5527476092 -4.5330307358 -4.4889701719 -4.4585952588 -4.4442440175 -4.4403117674 -4.4261188719 -4.4136433410 -4.3824829577 -4.3780595684 -4.3568911677 -4.3392210117 -4.3276569003 -4.3252173264 -4.3173863455 -4.3031167566 -4.2777494470 -4.2703516200 -4.2540075962 -4.2502117657 -4.2120867886 -4.2107048495 -4.2005125574 -4.1975524123 -4.1905624120 -4.1785389632 -4.1555078811 -4.1513444313 -4.1427877008 -4.1376788413 -4.1268326467 -4.1252015735 -4.1138138324 -4.1107675961 -4.1056735464 -4.1015699923 -4.0954141658 -4.0782239945 -4.0756247040 -4.0625450407 -4.0466571296 -4.0422022754 -4.0256751023 -4.0187296941 -4.0124573719 -3.9885489405 -3.9838666254 -3.9831875336 -3.9624728311 -3.9592322889 -3.9510037280 -3.9468621886 -3.9315230897 -3.9265229263 -3.9100022319 -3.8980969272 -3.8929033407 -3.8895775586 -3.8804461657 -3.8770659733 -3.8624218649 -3.8600208997 -3.7702575652 -3.7670801245 -3.7490807131 -3.7477851221 -3.7151405953 -3.7133940956 -3.7013163593 -3.6996457510 -3.6772412280 -3.6594148544 -3.6220081945 -3.6038466146 -3.5906621511 -3.5835102780
-4.5562596094 -4.5401832759 -4.4872273072 -4.4609871024 -4.4410636967 -4.4407847461 -4.4252819844 -4.4124074766 -4.3778516415 -4.3734279353 -4.3547539874 -4.3385364920 -4.3292456125 -4.3258124979 -4.3147320711 -4.3007039108 -4.2714988121 -4.2654929485 -4.2585656180 -4.2559402785 -4.2116033143 -4.2096900781 -4.2013216874 -4.1957887507 -4.1929356974 -4.1863809872 -4.1606455811 -4.1558336718 -4.1450990452 -4.1428109685 -4.1238269566 -4.1201365290 -4.1110423707 -4.1084346359 -4.1055151573 -4.1045282886 -4.0999157947 -4.0823769664 -4.0800832057 -4.0556553430 -4.0495205097 -4.0347740839 -4.0278250097 -4.0207812386 -4.0158172434 -3.9972692263 -3.9874008203 -3.9852341528 -3.9716244660 -3.9658048632 -3.9477064997 -3.9442969383 -3.9261136500 -3.9220737145 -3.9162400608 -3.9049848507 -3.8891220209 -3.8844063521 -3.8818259080 -3.8700089115 -3.8678099024 -3.8543712287 -3.7756324572 -3.7722495525 -3.7544800601 -3.7532018947 -3.7201493577 -3.7183731695 -3.7051910151 -3.7038177230 -3.6867145941 -3.6696740131 -3.6305100908 -3.6123958063 -3.5994364716 -3.5918321691
-4.5606641013 -4.5478808063 -4.4861040098 -4.4646790496 -4.4399138885 -4.4373842995 -4.4233251158 -4.4099453108 -4.3728632378 -4.3684227555 -4.3529030644 -4.3385020273 -4.3307096553 -4.3259742910 -4.3102933537 -4.2973576251 -4.2684633287 -4.2653012910 -4.2610550372 -4.2552547539 -4.2126853449 -4.2094111087 -4.2034891127 -4.1957148378 -4.1940424568 -4.1909008425 -4.1657281220 -4.1600414122 -4.1488804842 -4.1473260486 -4.1213196919 -4.1157034743 -4.1136005862 -4.1084321407 -4.1075915120 -4.1019688146 -4.0962809270 -4.0871001390 -4.0845757359 -4.0625159130 -4.0427855564 -4.0380421432 -4.0233852518 -4.0177421925 -4.0157862114 -4.0054785289 -3.9916820503 -3.9870772047 -3.9799582310 -3.9745311035 -3.9431630023 -3.9397461900 -3.9231306150 -3.9204667955 -3.9173125895 -3.9114328922 -3.8956099773 -3.8779374128 -3.8761333596 -3.8730225711 -3.8622655542 -3.8463621317 -3.7809928935 -3.7774027240 -3.7598688770 -3.7586320696 -3.7250138636 -3.7231443377 -3.7089189087 -3.7081434109 -3.6959085812 -3.6799072624 -3.6390130269 -3.6209697012 -3.6082524005 -3.6001862858
-4.5658652016 -4.5559222363 -4.4857129453 -4.4690643394 -4.4372317284 -4.4340388154 -4.4199949219 -4.4066831077 -4.3675684401 -4.3635618202 -4.3513397258 -4.3385007968 -4.3318376067 -4.3257328774 -4.3047662432 -4.2931057130 -4.2735460327 -4.2680230475 -4.2578550790 -4.2487059146 -4.2164917527 -4.2095697145 -4.2048207113 -4.2019321790 -4.1931521819 -4.1895173043 -4.1705194239 -4.1637441301 -4.1534906802 -4.1509501573 -4.1243420748 -4.1160703806 -4.1133377373 -4.1099584465 -4.1055503209 -4.0961394613 -4.0918237931 -4.0904118473 -4.0884661215 -4.0699403886 -4.0517729996 -4.0278088833 -4.0260476722 -4.0192778154 -4.0115733565 -4.0030820081 -3.9985766835 -3.9892485199 -3.9850626627 -3.9828685727 -3.9381502726 -3.9348563225 -3.9292157391 -3.9198421521 -3.9149717433 -3.9109419994 -3.9026815792 -3.8834852132 -3.8703791532 -3.8650225057 -3.8543500089 -3.8381697295 -3.7863435012 -3.7825503292 -3.7652493670 -3.7640828281 -3.7297460834 -3.7276836398 -3.7133309040 -3.7125054420 -3.7041283873 -3.6900517597 -3.6475140143 -3.6295701740 -3.6171064082 -3.6085732507
-4.5717249571 -4.5641470575 -4.4860335999 -4.4735648251 -4.4335099268 -4.4305003690 -4.4155079308 -4.4028948101 -4.3621875259 -4.3593757857 -4.3500456487 -4.3378448962 -4.3326406009 -4.3248763002 -4.2987648293 -4.2882162511 -4.2788526010 -4.2730715583 -4.2518993012 -4.2416899742 -4.2217650440 -4.2117833748 -4.2090672576 -4.2026989907 -4.1925260319 -4.1877048056 -4.1746521087 -4.1668889345 -4.1578742949 -4.1542964827 -4.1295241489 -4.1200271900 -4.1178318795 -4.1047757536 -4.1004687825 -4.0964084817 -4.0938869992 -4.0891545033 -4.0830727519 -4.0769185403 -4.0608191387 -4.0346122495 -4.0218032107 -4.0176258374 -4.0114569956 -4.0063059883 -3.9961005412 -3.9905181777 -3.9872415199 -3.9864007452 -3.9359005424 -3.9331036112 -3.9297835542 -3.9257315747 -3.9112356325 -3.9083897891 -3.9056412178 -3.8911167001 -3.8627118713 -3.8564648080 -3.8461957808 -3.8298732820 -3.7916774822 -3.7876972704 -3.7706240529 -3.7695587535 -3.7344073799 -3.7319726600 -3.7204329783 -3.7161461290 -3.7101761336 -3.6999544120 -3.6560089966 -3.6381987068 -3.6259946362 -3.6169932291
-4.5780800637 -4.5724163488 -4.4869424543 -4.4778520740 -4.4291799692 -4.4264152242 -4.4102710472 -4.3987403205 -4.3572290496 -4.3562074380 -4.3490334752 -4.3359214794 -4.3331556757 -4.3231477886 -4.2931448076 -4.2848850944 -4.2824257263 -4.2766664048 -4.2460809390 -4.2348242873 -4.2271631800 -4.2189525583 -4.2095782064 -4.2019286126 -4.1928544820 -4.1860537139 -4.1775032792 -4.1695785675 -4.1615438525 -4.1575054720 -4.1350684621 -4.1244512371 -4.1223944165 -4.1044866804 -4.0989508276 -4.0974349606 -4.0917968470 -4.0848825286 -4.0825328526 -4.0754851683 -4.0693802959 -4.0430188622 -4.0267731848 -4.0183161262 -4.0140693952 -4.0030326594 -3.9994884407 -3.9897290232 -3.9889474570 -3.9761218859 -3.9421770061 -3.9343559834 -3.9269465584 -3.9237655923 -3.9171117020 -3.9035114965 -3.9010208227 -3.8982133292 -3.8549009064 -3.8477766485 -3.8378841551 -3.8215772002 -3.7969511591 -3.7928292545 -3.7759972487 -3.7750539821 -3.7392185288 -3.7360116521 -3.7289838804 -3.7201899275 -3.7143455910 -3.7091526432 -3.6644920910 -3.6468559065 -3.6349124458 -3.6254455719
-4.5847549291 -4.5806020438 -4.4882682214 -4.4817642712 -4.4245584898 -4.4215956689 -4.4046115704 -4.3943212603 -4.3545358657 -4.3530749727 -4.3479326964 -4.3336337211 -4.3324387334 -4.3203422740 -4.2921509635 -4.2855972094 -4.2829078348 -4.2734335128 -4.2409316638 -4.2338634060 -4.2279774030 -4.2246249982 -4.2099202665 -4.2011455911 -4.1943911703 -4.1848204314 -4.1784642498 -4.1721043027 -4.1640468560 -4.1606361409 -4.1405765440 -4.1289826210 -4.1266565718 -4.1099120658 -4.1032145575 -4.0939212949 -4.0894902806 -4.0848811158 -4.0782749127 -4.0758245881 -4.0677834021 -4.0519431407 -4.0349789747 -4.0234748066 -4.0154296218 -4.0084591802 -3.9928049093 -3.9904406238 -3.9848529010 -3.9636013618 -3.9485801180 -3.9407677272 -3.9266299138 -3.9192865953 -3.9184044188 -3.9065237121 -3.8978209067 -3.8947565487 -3.8469948813 -3.8390247206 -3.8295299006 -3.8136249070 -3.8019349882 -3.7978353879 -3.7813861845 -3.7805227853 -3.7449502660 -3.7399306088 -3.7371367617 -3.7257792571 -3.7176689743 -3.7163479823 -3.6729547179 -3.6555412653 -3.6438540845 -3.6339286642
-4.5915702744 -4.5885802227 -4.4898405768 -4.4852275807 -4.4197503206 -4.4161308246 -4.3987488977 -4.3897147049 -4.3533018162 -4.3515744436 -4.3458380375 -4.3336931338 -4.3283846742 -4.3165754578 -4.2958385333 -4.2889672164 -4.2778481056 -4.2670167141 -4.2403716048 -4.2369393923 -4.2316083171 -4.2190612168 -4.2102770675 -4.2011864612 -4.1960554894 -4.1839826710 -4.1778436568 -4.1746970655 -4.1652717160 -4.1635736530 -4.1457652564 -4.1334347835 -4.1306345823 -4.1158022860 -4.1077429289 -4.0988185112 -4.0900172688 -4.0813691380 -4.0772443196 -4.0689999856 -4.0615481769 -4.0601177774 -4.0447000193 -4.0311467360 -4.0152735239 -4.0110171277 -3.9928410827 -3.9914465326 -3.9732046404 -3.9550354504 -3.9510197598 -3.9474127020 -3.9330098895 -3.9167383396 -3.9139902244 -3.9104143102 -3.8921200549 -3.8892092935 -3.8390464634 -3.8302843371 -3.8215156144 -3.8093662514 -3.8048781438 -3.8009181528 -3.7868536650 -3.7857564735 -3.7528716340 -3.7448647899 -3.7424077252 -3.7332702081 -3.7209627614 -3.7203700138 -3.6813841622 -3.6642530010 -3.6528122838 -3.6424398489
-4.5983477601 -4.5962266667 -4.4915138136 -4.4882155965 -4.4147429640 -4.4102456529 -4.3928394054 -4.3849927426 -4.3525308281 -4.3515913995 -4.3434657411 -4.3337238021 -4.3243628961 -4.3127301518 -4.2991727719 -4.2915024274 -4.2721526060 -4.2603164944 -4.2450332115 -4.2423849687 -4.2288571046 -4.2130561451 -4.2102289476 -4.2028774166 -4.1959970909 -4.1831877083 -4.1772675373 -4.1767457938 -4.1671832337 -4.1643567875 -4.1503510390 -4.1377200745 -4.1343078451 -4.1217379489 -4.1121909162 -4.1046940414 -4.0972324229 -4.0756924690 -4.0707061025 -4.0694476313 -4.0620987886 -4.0550675712 -4.0530171407 -4.0398099281 -4.0147611196 -4.0118580992 -3.9934707234 -3.9923189542 -3.9628203499 -3.9595469023 -3.9540053865 -3.9403137536 -3.9384098126 -3.9233333584 -3.9079715306 -3.9057370853 -3.8863729889 -3.8835206409 -3.8311738998 -3.8217498143 -3.8171784128 -3.8106633015 -3.8074679758 -3.7963631360 -3.7924555024 -3.7893792232 -3.7624016715 -3.7513374324 -3.7456440366 -3.7403560893 -3.7239697241 -3.7228999608 -3.6897606707 -3.6729878290 -3.6617775455 -3.6509753023
-4.6049113945 -4.6034143772 -4.4931681079 -4.4907329928 -4.4095493281 -4.4041337270 -4.3870132844 -4.3802363411 -4.3522028246 -4.3519440024 -4.3415645627 -4.3337213458 -4.3217994548 -4.3113264351 -4.2994362717 -4.2914428870 -4.2672990932 -4.2548681147 -4.2500424103 -4.2468976244 -4.2249518966 -4.2117531232 -4.2097848662 -4.2014817911 -4.1950000202 -4.1825211833 -4.1793548975 -4.1765131584 -4.1688344245 -4.1632898066 -4.1541187057 -4.1418413592 -4.1376100560 -4.1273727237 -4.1165007782 -4.1102615132 -4.1051151292 -4.0790411864 -4.0696016990 -4.0645777415 -4.0629265746 -4.0555658357 -4.0483014497 -4.0454903360 -4.0140884299 -4.0119239879 -3.9941574846 -3.9930876238 -3.9682521730 -3.9609114822 -3.9478592836 -3.9472980215 -3.9310862969 -3.9263801891 -3.9015957875 -3.8998525461 -3.8806097070 -3.8777459224 -3.8244428190 -3.8197777553 -3.8161250865 -3.8121187432 -3.8019248918 -3.7978546297 -3.7975003155 -3.7847620239 -3.7724343711 -3.7596581692 -3.7483260741 -3.7453407679 -3.7264084936 -3.7250844849 -3.6980508854 -3.6817404792 -3.6707366800 -3.6595297001
-4.6110862471 -4.6100139205 -4.4947009234 -4.4928106634 -4.4042170837 -4.3979470820 -4.3813963807 -4.3755483698 -4.3529811712 -4.3516267140 -4.3401411659 -4.3337814167 -4.3215284174 -4.3137236331 -4.2951910561 -4.2883772479 -4.2649097084 -4.2570036481 -4.2522790125 -4.2444762987 -4.2213891777 -4.2129676721 -4.2118240518 -4.1962745388 -4.1932880856 -4.1846846389 -4.1787600383 -4.1770846626 -4.1685376233 -4.1617228330 -4.1568590428 -4.1458908594 -4.1404750106 -4.1321962310 -4.1206093037 -4.1154575323 -4.1127890234 -4.0877672597 -4.0756776901 -4.0619209282 -4.0609215282 -4.0535307347 -4.0464119519 -4.0383781687 -4.0133403881 -4.0116166729 -3.9948826681 -3.9937752941 -3.9746390485 -3.9674757486 -3.9544505552 -3.9393088046 -3.9350575928 -3.9147333992 -3.8950317204 -3.8935150253 -3.8748619453 -3.8719171269 -3.8270207931 -3.8206408108 -3.8150755654 -3.8079941489 -3.8040118023 -3.7987247200 -3.7928668425 -3.7826184663 -3.7768081709 -3.7691253070 -3.7505832396 -3.7486513069 -3.7285203653 -3.7269639541 -3.7061911152 -3.6905026315 -3.6796696419 -3.6680953939
-4.6166955731 -4.6158976180 -4.4960253635 -4.4944974455 -4.3988127999 -4.3918285862 -4.3761208314 -4.3710681850 -4.3540303146 -4.3514361035 -4.3391201854 -4.3340655972 -4.3227485433 -4.3174172483 -4.2888628069 -4.2836215564 -4.2658397584 -4.2629696688 -4.2499224706 -4.2398766720 -4.2187788341 -4.2162163727 -4.2118993888 -4.1947438731 -4.1898832574 -4.1865660416 -4.1789489203 -4.1744738078 -4.1680082170 -4.1604459445 -4.1576601020 -4.1499898102 -4.1428197329 -4.1356171403 -4.1244195490 -4.1202966602 -4.1200578134 -4.0963957140 -4.0850871970 -4.0695415762 -4.0544514983 -4.0469889933 -4.0396191870 -4.0310109559 -4.0125827859 -4.0110997561 -3.9957337671 -3.9943947053 -3.9809074017 -3.9740109879 -3.9615342348 -3.9469160206 -3.9229966967 -3.9037364968 -3.8886062260 -3.8863035725 -3.8691832186 -3.8660810921 -3.8324092823 -3.8258751744 -3.8140119447 -3.8103231074 -3.8045840771 -3.7929912369 -3.7921435837 -3.7840107131 -3.7799819442 -3.7680084287 -3.7524060827 -3.7509633222 -3.7304762366 -3.7285288000 -3.7140378396 -3.6992606040 -3.6885423194 -3.6766605761
-4.6215613766 -4.6209449543 -4.4970811791 -4.4958431495 -4.3934204643 -4.3859528299 -4.3713254422 -4.3669871885 -4.3553301824 -4.3514656078 -4.3385272972 -4.3348077321 -4.3241887243 -4.3209523838 -4.2829453848 -4.2783185155 -4.2694045252 -4.2658991025 -4.2464158279 -4.2366466183 -4.2212023696 -4.2163381070 -4.2104811400 -4.1948411372 -4.1921889817 -4.1829767115 -4.1773598412 -4.1708726524 -4.1690065741 -4.1592465680 -4.1560614318 -4.1538222781 -4.1444132007 -4.1374970267 -4.1277695758 -4.1268175175 -4.1247356341 -4.1049526639 -4.0938860880 -4.0783188703 -4.0474423451 -4.0399320826 -4.0325444651 -4.0238448317 -4.0118953653 -4.0103791775 -3.9969896700 -3.9949594743 -3.9867095447 -3.9804431622 -3.9684644593 -3.9547649738 -3.9108596578 -3.8937719622 -3.8824063731 -3.8778883544 -3.8636879629 -3.8603503145 -3.8379422217 -3.8311178865 -3.8202867502 -3.8153041970 -3.8037251367 -3.7958028605 -3.7906240221 -3.7845441329 -3.7753968525 -3.7602033979 -3.7537210958 -3.7523469943 -3.7326109383 -3.7297386228 -3.7211980857 -3.7079899401 -3.6972884414 -3.6852052122
-4.6255154757 -4.6250435599 -4.4978427012 -4.4968871168 -4.3881530469 -4.3806072324 -4.3671419116 -4.3635586682 -4.3568240914 -4.3518554119 -4.3384603631 -4.3361649004 -4.3251315393 -4.3235613124 -4.2811991594 -4.2744115632 -4.2713412217 -4.2636546947 -4.2431313774 -4.2356083142 -4.2246235586 -4.2190671445 -4.2061337667 -4.1958082353 -4.1919517392 -4.1834323482 -4.1732084357 -4.1705148007 -4.1684718757 -4.1572157326 -4.1556003062 -4.1532718405 -4.1451034825 -4.1385166062 -4.1330425567 -4.1302647283 -4.1287263445 -4.1134519824 -4.1014779068 -4.0868263330 -4.0404559628 -4.0330257386 -4.0255336018 -4.0174897944 -4.0114263240 -4.0091015109 -3.9993868883 -3.9955172790 -3.9912084705 -3.9866163775 -3.9750561245 -3.9625531861 -3.8990227646 -3.8849887803 -3.8763176234 -3.8683420550 -3.8587008584 -3.8551725850 -3.8430020416 -3.8359488121 -3.8283027371 -3.8205866811 -3.8116481684 -3.8014673842 -3.7887683295 -3.7768975963 -3.7669646896 -3.7555822689 -3.7541838149 -3.7503801615 -3.7358098409 -3.7304784075 -3.7266037280 -3.7166395487 -3.7057562620 -3.6936912130
-4.6284166810 -4.6280893365 -4.4983137127 -4.4976588895 -4.3831795313 -4.3763905481 -4.3636481771 -4.3610843674 -4.3581812606 -4.3528523749 -4.3388872951 -4.3378660247 -4.3255102148 -4.3248863078 -4.2821752583 -4.2785752218 -4.2635567932 -4.2590177550 -4.2407598534 -4.2368162356 -4.2273016630 -4.2239138869 -4.2006989935 -4.1957299518 -4.1901381878 -4.1847321047 -4.1762527099 -4.1719728556 -4.1634288104 -4.1548712291 -4.1532577833 -4.1495975533 -4.1452665311 -4.1395392150 -4.1384656461 -4.1327435731 -4.1313674431 -4.1217969979 -4.1069098133 -4.0947083470 -4.0335795838 -4.0265333587 -4.0188771916 -4.0136428995 -4.0115327146 -4.0061854521 -4.0031614350 -3.9963355297 -3.9940094229 -3.9916981416 -3.9808107311 -3.9701507670 -3.8877697119 -3.8771749315 -3.8703124980 -3.8584113464 -3.8553428714 -3.8529639466 -3.8448392212 -3.8391654817 -3.8372595889 -3.8258896689 -3.8193045299 -3.8123692927 -3.7813901893 -3.7706470978 -3.7593814293 -3.7555268558 -3.7529676781 -3.7445245766 -3.7404801774 -3.7304322886 -3.7292836533 -3.7250395213 -3.7135075731 -3.7020351651
-4.6301626651 -4.6299936339 -4.4985147988 -4.4981813453 -4.3787861194 -4.3744447693 -4.3607835332 -4.3598052346 -4.3586418843 -4.3547161675 -4.3394830075 -4.3391860474 -4.3255487930 -4.3252901243 -4.2831703628 -4.2815524895 -4.2563039242 -4.2542875179 -4.2403378519 -4.2393906453 -4.2290649818 -4.2283409292 -4.1959835692 -4.1947994905 -4.1874041080 -4.1850778712 -4.1801024454 -4.1770766154 -4.1567722253 -4.1524714614 -4.1502425783 -4.1462153003 -4.1454677311 -4.1415580991 -4.1405856484 -4.1351798831 -4.1331086986 -4.1296906318 -4.1087871508 -4.1015410719 -4.0269717971 -4.0211972620 -4.0142908053 -4.0136945349 -4.0111182883 -4.0061169518 -4.0030004549 -3.9992291215 -3.9952173157 -3.9936025815 -3.9842654804 -3.9772495360 -3.8777508260 -3.8706470953 -3.8642523691 -3.8580640711 -3.8545347163 -3.8492481542 -3.8449182134 -3.8417584050 -3.8376293469 -3.8309492680 -3.8262720633 -3.8232221579 -3.7746237288 -3.7678751372 -3.7554103412 -3.7546190536 -3.7485143879 -3.7440951019 -3.7410419208 -3.7336054933 -3.7298494104 -3.7287673188 -3.7187688452 -3.7100145287
-4.6306945697 -4.6306945697 -4.4984690181 -4.4984690181 -4.3755284403 -4.3755284403 -4.3594262259 -4.3594262259 -4.3572477490 -4.3572477490 -4.3397049690 -4.3397049690 -4.3254348183 -4.3254348183 -4.2830908670 -4.2830908670 -4.2521912905 -4.2521912905 -4.2412691063 -4.2412691063 -4.2298102297 -4.2298102297 -4.1942231207 -4.1942231207 -4.1839768964 -4.1839768964 -4.1822182676 -4.1822182676 -4.1514223753 -4.1514223753 -4.1495768146 -4.1495768146 -4.1428635527 -4.1428635527 -4.1369635992 -4.1369635992 -4.1349022890 -4.1349022890 -4.1066264400 -4.1066264400 -4.0213059629 -4.0213059629 -4.0145921790 -4.0145921790 -4.0076439201 -4.0076439201 -4.0021515682 -4.0021515682 -3.9943511449 -3.9943511449 -3.9828391962 -3.9828391962 -3.8704977643 -3.8704977643 -3.8581546618 -3.8581546618 -3.8566427625 -3.8566427625 -3.8389150157 -3.8389150157 -3.8329315471 -3.8329315471 -3.8322313385 -3.8322313385 -3.7695675932 -3.7695675932 -3.7544773196 -3.7544773196 -3.7437482037 -3.7437482037 -3.7401231361 -3.7401231361 -3.7291903109 -3.7291903109 -3.7168128872 -3.7168128872
