-65.3704989742 -65.3704814645 -65.3435475004 -65.3435277612 -42.0721936018 -42.0687071913 -42.0514482767 -42.0480834415 -42.0460049278 -42.0436444052 -42.0254683328 -42.0198326772 -42.0176604092 -42.0155740653 -42.0033518697 -41.9966765434 -41.9957821079 -41.9950098000 -41.9710652744 -41.9693958447 -41.2796382335 -41.2678730289 -41.2573289384 -41.2456584920 -40.6248166708 -40.6199791888 -40.6052251988 -40.6039270273 -40.5994514174 -40.5986578453 -40.5942576018 -40.5855853047 -40.5828008130 -40.5742487523 -40.5733304729 -40.5693941053 -40.5628040165 -40.5562346958 -40.5486040036 -40.5409032543 -40.5357064946 -40.5313002035 -40.5185627441 -40.5120895156 -40.5087022171 -40.5049006382 -40.4884386614 -40.4824612959 -38.7868287328 -38.7811490196 -38.7647875537 -38.7607128955 -38.7423548142 -38.7232673532 -38.7205590652 -38.7010973057 -15.5497814161 -15.5338447967 -15.2183917123 -15.1951094536 -15.1260255421 -15.1226005140 -14.8937045967 -14.8898746704 -9.4401533223 -9.3410339775 -9.2912896183 -9.2401751496 -9.2117150610 -8.9556432766 -8.8610385402 -8.6347027882 -7.9354047378 -7.8217465298 -7.7916647112 -7.7427608455 -7.7117154040 -7.4884442915 -7.4678574990 -7.3632957190 -7.3381317410 -7.2905501057 -7.0928747502 -7.0804854365 -6.0638640699 -6.0168345913 -5.9371953842 -5.8147461984 -5.0496432020 -4.8838943127 -4.8690465980 -4.6895117517 -3.2352623155 -3.2090362224 -3.1025779084 -3.0569417653 -2.9128848777 -2.8506711360 -2.6079014230 -2.5400821491 -2.5013084623 -2.4479711560 -2.3930873847 -2.3671283245 -0.7985465562 -0.7587783406 -0.4879723117 -0.4237568086 0.8388638023 0.8770796445 1.2405115303 1.2629038711 1.8476992880 1.9393825381 2.5773590787 2.6750795572 3.4987864660 3.5613028035 3.7840582559 3.8297678898 4.6850909951 4.7003991181 4.9433721058 4.9864537699 5.3356528918 5.3608439865 5.7328755531 5.7699341634 6.2168066660 6.2407216665 6.3168217972 6.3346117571 6.5615501230 6.5656012723 6.6799689283 6.7025083903 7.5282859418 7.5737999230 7.7668897942 7.8456271207 8.3496552778 8.4359622164 8.5532802757 8.5745011436 9.7410109261 9.8569711113 10.2720237218 10.4505453002 11.5441076832 11.6453338851 11.9567076177 12.0755198587 14.1849052348 14.2199659450 14.4961375739 14.5321354761 16.9068257162 17.0220803413 18.2322896753 18.3065952769 18.4045523618 18.4971374950 19.0093859747 19.0958743210 21.6596091688 21.6854565560 21.9468819358 21.9686955514 22.5064371523 22.5125062766 23.7309972377 23.7361423779 24.1668138681 24.1874760209 27.9716940087 27.9913786215 28.0479899859 28.0789650990 31.1994374161 31.2237768216 34.4588548406 34.4707207465 34.7187623048 34.7344143295 35.3319933903 35.3679743389 35.7291717968 35.7572099762 37.2103944861 37.2594791382 37.6805983427 37.7119832342 38.7517928795 38.7866789541 40.3595804024 40.4040832763 42.9426457877 43.0159197339 44.5654808353 44.6391090306 46.0318321366 46.0535869423 48.5523395164 48.5977853404 72.6490587243 72.7245810911 77.1475657426 77.2461499620
-65.3615766174 -65.3615559127 -65.3370325370 -65.3370099272 -42.0698967314 -42.0650113012 -42.0494046809 -42.0449630883 -42.0444652563 -42.0413144611 -42.0214702216 -42.0184370058 -42.0152618353 -42.0128684835 -41.9993565560 -41.9956825424 -41.9946566864 -41.9939607703 -41.9696402414 -41.9683449522 -41.2834486715 -41.2704827739 -41.2613455756 -41.2483014875 -40.6197860095 -40.6186386828 -40.6034825169 -40.6000095749 -40.5973034073 -40.5948576164 -40.5922280502 -40.5822416175 -40.5810821102 -40.5747541182 -40.5693202027 -40.5666765279 -40.5607488944 -40.5508066205 -40.5491285650 -40.5358092182 -40.5324600716 -40.5304306276 -40.5146414168 -40.5094304704 -40.5064860181 -40.5004539069 -40.4848696220 -40.4786023665 -38.7793912957 -38.7709399445 -38.7613320293 -38.7602193033 -38.7446772196 -38.7336708076 -38.7262119405 -38.7055753290 -15.0716968779 -15.0512534551 -15.0431903598 -15.0224847945 -14.7973427590 -14.7934249572 -14.7815138261 -14.7775437171 -9.3932099044 -9.3760959342 -9.3578833517 -9.3309777883 -9.1308655124 -9.1150871616 -9.0900703497 -9.0708654321 -8.4142486314 -8.4033241175 -8.2171195549 -8.2107488636 -7.9950843650 -7.9469966279 -7.4921809588 -7.4443658762 -7.3858367673 -7.3748359415 -7.3136170554 -7.2939622392 -6.1901453246 -6.1795674168 -6.1598068329 -6.1501310502 -4.7509758224 -4.7203107548 -4.5375634199 -4.5059186816 -3.4550957567 -3.4175023754 -3.4115346925 -3.3735508573 -2.7153224732 -2.6965167510 -2.6361297918 -2.6166100701 -2.1099840671 -2.0931295483 -1.9925358083 -1.9753762000 -0.3138559605 -0.3009027568 -0.2466188516 -0.2337303667 0.6223142696 0.6595313217 0.6820681919 0.7197275473 1.2029062916 1.2416954863 1.2731373330 1.3117656144 3.7796151795 3.8227821865 3.9497692875 3.9964886176 5.0710478309 5.0928328406 5.1119796349 5.1330011659 5.6881961183 5.6954518840 5.7902982514 5.7998313667 7.2498159645 7.3182104949 7.4125103322 7.4609367362 7.4803581225 7.4975994256 7.6005585890 7.6356694081 8.6901621432 8.7165580437 8.7700042234 8.8141081394 8.8992026981 8.9404182717 8.9719380384 9.0102852768 9.4369533527 9.4843881007 9.5601942717 9.6016563762 11.5702568767 11.5852688691 12.0681677168 12.1049581407 12.7389365334 12.7877414600 12.8364265114 12.8689536731 18.5957371656 18.6079226532 18.6513246649 18.6617322032 19.2271201326 19.2391984667 19.2731657071 19.2861516465 20.6032358455 20.6196720760 20.6565731094 20.6763732793 23.9284590463 23.9655193925 24.7889640047 24.8353875634 30.9820236255 30.9915188794 31.0897634881 31.0976003985 32.5106620851 32.5207897728 32.5592382766 32.5698640212 34.6921954442 34.7059531674 34.7171901562 34.7318157480 36.7307841049 36.7414162130 36.8165158292 36.8245267547 37.4501614625 37.5772801457 37.6724304463 37.8018478292 42.8782777128 42.9939350375 43.2097281002 43.3357692018 44.4339509670 44.4808386365 44.9275416445 44.9907065648 48.0928616065 48.2005577500 48.3753031035 48.4780849006 79.4652523232 79.6040826484 80.5618567069 80.6991581263
-65.3589321623 -65.3589133929 -65.3361193351 -65.3361009377 -42.0712487928 -42.0675184746 -42.0508388766 -42.0472009293 -42.0454789891 -42.0430512934 -42.0213508346 -42.0195376954 -42.0170908312 -42.0138225222 -41.9996856744 -41.9961563307 -41.9950841719 -41.9946966889 -41.9702222104 -41.9691697923 -41.2816911394 -41.2708650321 -41.2596967625 -41.2480680894 -40.6219642663 -40.6197675449 -40.6030180834 -40.6018281168 -40.5984126587 -40.5974734600 -40.5921015845 -40.5840017782 -40.5811989447 -40.5738879192 -40.5727046228 -40.5668989767 -40.5619477364 -40.5531205988 -40.5484606393 -40.5371679293 -40.5334215190 -40.5323002372 -40.5155185295 -40.5107295794 -40.5087592589 -40.5036029564 -40.4856407047 -40.4817138646 -38.7863293507 -38.7839766207 -38.7645923007 -38.7600485836 -38.7454520937 -38.7244255674 -38.7205754749 -38.7024834500 -15.2408619388 -15.2208855567 -15.1477150932 -15.1240557450 -14.9326778352 -14.9294532155 -14.8488143520 -14.8452028408 -9.7766244704 -9.7209259858 -9.6323072186 -9.5465001424 -9.3321228948 -9.2964438131 -9.1315799689 -9.1003499647 -7.9548801343 -7.8728027920 -7.8499402519 -7.7885359031 -7.6603542632 -7.4762451413 -7.3842123596 -7.2840165775 -7.1980569888 -7.1014997894 -6.8784293951 -6.7640213619 -6.1439765129 -6.0889468669 -6.0751361952 -5.9944284438 -4.8635744609 -4.8118066001 -4.6753242410 -4.6169360900 -3.2849539165 -3.2640033524 -3.1885338747 -3.1735809723 -2.6091180540 -2.5146130162 -2.4895137598 -2.4246725979 -2.3601559030 -2.2584075406 -2.2398761677 -2.1667162670 -0.6577338885 -0.5983934012 -0.4972460193 -0.4320667431 0.2270462291 0.2733871494 0.3500679674 0.3987383433 2.1753777731 2.2576264933 2.8072994484 2.8988319130 3.4731750424 3.5111564342 3.6679186661 3.7056470894 4.3990215531 4.4391019087 4.5141964482 4.5740926881 4.8630783280 4.9315977880 5.1567058126 5.2191369397 5.4533582200 5.5033931930 5.8402390173 5.8680916781 6.5536791892 6.5936299258 7.1655142141 7.2134168105 9.1698307487 9.2255386259 9.3134685828 9.3757639980 9.8829991013 9.9327864118 10.3510989644 10.4037337219 10.8107530446 10.8906655981 11.6067814073 11.7220391762 12.2292652123 12.2809663395 12.4841942323 12.5816153668 13.5677697405 13.5858432176 14.0647611324 14.1013326166 17.9018267358 17.9955933708 18.4326342600 18.5102581952 18.8217215317 18.8498053540 18.9677711963 19.0237465027 21.0251914066 21.0345092902 21.2023823275 21.2140180032 22.7415402126 22.7546591395 23.5741707764 23.5963445489 27.0008553858 27.0354308233 28.5715525495 28.6060140835 29.2441358691 29.2819137456 30.5245420806 30.5718819892 31.1246054961 31.1296760242 32.6497131983 32.6541904167 34.0638286609 34.1262521471 35.4736520626 35.5159936733 37.1050751917 37.1306033401 37.5758797922 37.5915010735 39.7231527825 39.7391325126 41.0942019876 41.1357596665 43.5169910347 43.5827170928 44.2134865391 44.2855535528 46.3061077306 46.3340007957 47.3454582036 47.3904893177 71.7631934984 71.8124284829 75.7358866268 75.8190992904
-65.3644167363 -65.3643983823 -65.3392302042 -65.3392107053 -42.0712492622 -42.0672174969 -42.0507522395 -42.0470579036 -42.0453588187 -42.0430054345 -42.0221925325 -42.0195563773 -42.0168698669 -42.0135348179 -42.0008541780 -41.9959699527 -41.9950402701 -41.9946607692 -41.9705928573 -41.9691529637 -41.2804455869 -41.2688167533 -41.2586157966 -41.2460849086 -40.6235714846 -40.6186995561 -40.6038356106 -40.6026447512 -40.5983716503 -40.5974948599 -40.5933454993 -40.5835308529 -40.5816682854 -40.5738779267 -40.5725444924 -40.5686988143 -40.5614768493 -40.5528155194 -40.5485199353 -40.5381432048 -40.5342421043 -40.5309710995 -40.5163264115 -40.5116539850 -40.5078225777 -40.5033047777 -40.4870759790 -40.4815789508 -38.7859371697 -38.7813145056 -38.7643810165 -38.7598234326 -38.7434283842 -38.7227382088 -38.7204989187 -38.7014316709 -15.3591323817 -15.3397709080 -15.2181976209 -15.1948251353 -14.9951437652 -14.9916164113 -14.8929236448 -14.8891017518 -9.4803973731 -9.4328774611 -9.4129164896 -9.3363091985 -9.2137872993 -9.0927832680 -8.9590936161 -8.8703213811 -7.9345839697 -7.8457635682 -7.7896506802 -7.7413998414 -7.7047091662 -7.5221807299 -7.4846612305 -7.3776967909 -7.3364717716 -7.2954182509 -7.1644647159 -7.1126355887 -6.0631894494 -6.0171268909 -5.9924097050 -5.9137804098 -4.9631104477 -4.8801698422 -4.7754886659 -4.6852919430 -3.2433515979 -3.2172277183 -3.1302047049 -3.1014808408 -2.7369612271 -2.6509485592 -2.6039253666 -2.5381205809 -2.4559249208 -2.4451187411 -2.3652321698 -2.3635531791 -0.6494275990 -0.5946910625 -0.4879822316 -0.4242065730 0.8350086013 0.8728943960 0.8933122979 0.9293348891 1.8517347328 1.9435042226 2.4483007402 2.5437541557 3.6422545042 3.6874379847 3.8061540154 3.8546919064 4.7553447214 4.7902410060 4.9413723312 4.9827199132 5.3478820878 5.3780973950 5.7160410447 5.7336540860 6.2174853738 6.2492586667 6.3604758413 6.3694696661 6.6578334176 6.6740598705 6.8947310510 6.9195820339 8.3256953918 8.3940132402 8.4295147095 8.5071939511 8.5363589388 8.5744866696 8.7162567421 8.7313980856 10.2588970795 10.4161333601 10.4321763475 10.5815940730 11.5840750179 11.6914607049 12.1046596736 12.2337451065 14.2958781230 14.3419713690 14.7624709153 14.8097762096 17.7373864234 17.8743601598 18.3315522078 18.4542613939 18.9007344437 19.0003887046 19.1461226471 19.2554090985 21.6237836963 21.6504321006 21.8065566497 21.8297904298 23.0292527622 23.0360207263 23.8013992964 23.8051683117 25.7268563511 25.7561509670 28.0399810604 28.0743971868 29.6551978727 29.6654104167 31.1990647346 31.2226005550 34.1443988396 34.1546555959 34.6965875897 34.7049979404 34.7777102640 34.8037756139 35.4407292690 35.4786781784 37.1263573674 37.1608015427 37.2697889073 37.3143966100 39.2717328901 39.2874310125 40.3735784257 40.4183643311 43.8060653668 43.8766421394 44.5484848976 44.6213602888 47.1774082678 47.2067218954 48.5300019539 48.5748116166 74.1444192207 74.2171804849 77.1493423813 77.2483362825
-65.3752526538 -65.3752362718 -65.3507936227 -65.3507767198 -42.0734598746 -42.0704034217 -42.0531144429 -42.0502709080 -42.0465230140 -42.0448544400 -42.0287193974 -42.0209493024 -42.0186559648 -42.0163322575 -42.0081495743 -41.9974514306 -41.9967389719 -41.9954526096 -41.9716052114 -41.9698303234 -41.2790372080 -41.2682540222 -41.2571706871 -41.2454932465 -40.6266253613 -40.6199960375 -40.6065884904 -40.6058816296 -40.6007725860 -40.5989463015 -40.5952406931 -40.5863315798 -40.5848058697 -40.5760929873 -40.5738544882 -40.5711237811 -40.5635784801 -40.5588633011 -40.5488078766 -40.5435032481 -40.5397296320 -40.5321856903 -40.5214878014 -40.5144893906 -40.5090787121 -40.5060970059 -40.4904549990 -40.4836789147 -38.7896691707 -38.7851547290 -38.7679600474 -38.7638453716 -38.7399086472 -38.7225160033 -38.7164783378 -38.7016750383 -15.5534108725 -15.5374798063 -15.3711484795 -15.3534372024 -15.1313875408 -15.1281147089 -15.0164149694 -15.0132723932 -9.6038511260 -9.5514900046 -9.2928884561 -9.2418417537 -9.1435052978 -8.9610606803 -8.8593711082 -8.6334025679 -7.8715147261 -7.8209442173 -7.8081341888 -7.7170541273 -7.4902751165 -7.4583523315 -7.3603070120 -7.3097990451 -7.0932453001 -7.0801964515 -6.9046702648 -6.8444189441 -6.0891016986 -6.0180409273 -5.9392830612 -5.8153571691 -5.0526937389 -4.9629249663 -4.8723825523 -4.7769891384 -3.1403260074 -3.1136701838 -3.0910770571 -3.0474437537 -2.9140806483 -2.8512260806 -2.7838570097 -2.6970459520 -2.4986982537 -2.3960684452 -2.3108064859 -2.2310070497 -0.8120078494 -0.7702294323 -0.7652472385 -0.7203290323 0.4477666793 0.4871221100 1.2437426252 1.2660242860 2.5785228734 2.6749154772 2.8132972913 2.8984266471 3.1570341169 3.2437317891 3.5101162100 3.5746387240 4.4338512113 4.4686324807 4.6008822735 4.6318639327 4.7313078418 4.7546807808 5.1090811727 5.1355184927 5.3570123850 5.3819983582 5.7570487375 5.7935391198 6.5388515862 6.5427406623 6.7040013918 6.7481025996 7.5279265477 7.5693994627 7.7763467105 7.8533957941 8.1736682076 8.2407648206 9.3093838755 9.4055669020 9.7571091872 9.8757168953 10.7562835536 10.8631473843 11.6021870068 11.7107215694 12.1631286696 12.2604469510 13.9200027205 13.9718229881 14.3656832435 14.4197834695 16.9520788147 17.0690368348 17.2888743831 17.3700586092 18.1460259140 18.2342094168 18.3703066398 18.4622065822 21.0640052534 21.0939445358 21.9118683147 21.9377274196 22.4554395980 22.4614012863 22.7189248787 22.7319697245 24.1516101450 24.1722478582 24.8389088680 24.8676478280 27.8007768844 27.8136844567 28.1898930824 28.1984890914 33.1544603940 33.1744361227 33.9606913229 34.0095157937 34.5273262574 34.5410973701 35.7393211239 35.7643304989 36.9932076760 37.0102472920 37.6599195773 37.6897644197 38.6539959812 38.6885126317 39.1187150066 39.1473936663 42.8955304327 42.9695671460 43.5151836636 43.5782097461 45.9569206238 45.9810426254 46.1086808859 46.1314693788 71.6552901101 71.7102962130 72.7185064128 72.7933598957
-65.3613754593 -65.3613563865 -65.3380194882 -65.3379987539 -42.0701332928 -42.0655767922 -42.0496209910 -42.0456361647 -42.0448497440 -42.0419784521 -42.0214911197 -42.0187231671 -42.0158821305 -42.0131739244 -41.9998258266 -41.9954680985 -41.9948384066 -41.9942726222 -41.9700090579 -41.9686615431 -41.2815763137 -41.2691585601 -41.2592807610 -41.2471980391 -40.6211805807 -40.6194829662 -40.6032408688 -40.6008099703 -40.5985564127 -40.5960056774 -40.5931356973 -40.5836354504 -40.5808490810 -40.5740345203 -40.5700177572 -40.5673945397 -40.5626651045 -40.5514092364 -40.5483388393 -40.5363330339 -40.5329774520 -40.5305975530 -40.5149398694 -40.5103528785 -40.5068707356 -40.5014896524 -40.4862423280 -40.4790649299 -38.7834753273 -38.7796128791 -38.7635210943 -38.7590585534 -38.7450345123 -38.7233930951 -38.7225117884 -38.7009722125 -15.2239894016 -15.2005275996 -15.1212614727 -15.0952360153 -14.8993253558 -14.8954941913 -14.8320185197 -14.8282023166 -9.4855765566 -9.4232506430 -9.3742330807 -9.3299035016 -9.3071412808 -9.2045796727 -9.0666413701 -8.9470810226 -8.0777206875 -7.9652919308 -7.9424669620 -7.8483409260 -7.7914618526 -7.7467515394 -7.4968318465 -7.4472704688 -7.3508891340 -7.3347215866 -7.2944238731 -7.2576544027 -6.1392542763 -6.0994868245 -6.0601204140 -6.0134346342 -4.8911827727 -4.7980626596 -4.6976173626 -4.5965058196 -3.3376883179 -3.3104932975 -3.2241906081 -3.1977323520 -2.6248899400 -2.6036463611 -2.5524880408 -2.5339157909 -2.4406362065 -2.3718863907 -2.2763498274 -2.1662533377 -0.4939358081 -0.4295237459 -0.4045835352 -0.3373639968 0.5456389430 0.5955439090 0.8373286838 0.8755162549 1.6943862062 1.7734270347 1.8537467027 1.9456188566 3.7012650081 3.7402652308 3.8410963801 3.8847993668 4.9212229045 4.9645811770 4.9949610771 5.0405007705 6.0942100040 6.1020293830 6.2229902716 6.2542734648 6.3333044698 6.3568259181 6.4238203568 6.4602848378 6.5940345004 6.6174057516 6.7543158692 6.7717953437 8.3361315185 8.4140322967 8.5393248919 8.5662313572 8.9414807035 9.0619302953 9.2567566314 9.2900457986 10.1001213326 10.2399949169 10.2787021449 10.4496127082 11.5879674539 11.6603784523 12.0879067039 12.1869096764 13.5084475926 13.5215917625 14.3246998798 14.3739183352 18.3429885035 18.4657437268 18.6211468328 18.6879124324 18.8677442447 18.8917644795 19.0314733302 19.1136525566 21.1715412677 21.1973113379 21.7047205155 21.7351029556 23.6436478838 23.6515513403 24.0922200330 24.1173763971 28.0542120101 28.0887266773 29.8682608487 29.9028585601 31.1593110148 31.1867917573 31.6392855350 31.6729495089 34.2143937568 34.2232514147 34.7148520178 34.7305071474 35.4350156034 35.4750529601 36.0806060455 36.1080717352 37.0154226304 37.0767251935 37.2511523239 37.3040045725 40.3978339789 40.4428135722 41.6810459892 41.7583217226 44.3763780349 44.4398428003 44.9070092372 44.9848429571 48.0062749895 48.0679849885 48.7531990089 48.8012795144 76.8482599675 76.9529768284 78.6023474967 78.7081047722
-65.3612731431 -65.3612527960 -65.3360653401 -65.3360434446 -42.0700438868 -42.0653740240 -42.0496050289 -42.0452904057 -42.0444942428 -42.0415282124 -42.0214507634 -42.0186173169 -42.0154832373 -42.0127825289 -41.9994276837 -41.9956429095 -41.9946687399 -41.9940310071 -41.9697361694 -41.9684664068 -41.2827959403 -41.2702893539 -41.2609055471 -41.2476905196 -40.6205196895 -40.6181127965 -40.6033933880 -40.6004530335 -40.5970946842 -40.5954086117 -40.5919815161 -40.5821897779 -40.5812380912 -40.5744771645 -40.5701527930 -40.5667611984 -40.5605216451 -40.5509550795 -40.5490175527 -40.5360547000 -40.5326213082 -40.5306061376 -40.5146011723 -40.5096619826 -40.5069824288 -40.5008914895 -40.4849310152 -40.4793040154 -38.7806504282 -38.7744540736 -38.7607117656 -38.7578301878 -38.7473826931 -38.7294074495 -38.7251593477 -38.7046977616 -15.1255814736 -15.0994965205 -15.0591402298 -15.0305591250 -14.8365784775 -14.8327362886 -14.7862270667 -14.7822805242 -9.4817753278 -9.3929671980 -9.3613999813 -9.3468492008 -9.3131998408 -9.1269150457 -9.0859807847 -9.0605215655 -8.4050602415 -8.2124603715 -8.0752276234 -7.9743320989 -7.9611693990 -7.8446562145 -7.4850369402 -7.4347587939 -7.3825121679 -7.3339145064 -7.3052614310 -7.2566204485 -6.1869084731 -6.1598767033 -6.1351467673 -6.0951286353 -4.8036182342 -4.7301889777 -4.6015882776 -4.5161598286 -3.4417701039 -3.4039499361 -3.3273084899 -3.2988275550 -2.7063122469 -2.6270236154 -2.6172220090 -2.5392721411 -2.2747142755 -2.1646858041 -2.0998028322 -1.9821114052 -0.4075806036 -0.3401381372 -0.3070467604 -0.2400862452 0.5386027812 0.5887197996 0.6455147757 0.7052724820 1.2240177104 1.2939085689 1.7004057358 1.7796485768 3.7099187765 3.7488707815 3.9211867684 3.9671656635 4.9804966226 5.0257816690 5.0848225239 5.1240813626 5.7278182924 5.7383283702 6.1290464057 6.1411753630 6.3505972481 6.4105412047 6.6575361820 6.6798025618 7.3179487184 7.3976501297 7.5197695755 7.5531172848 8.7369635965 8.8250224910 8.8929378396 8.9254638093 8.9613665782 9.0902719070 9.2648771590 9.2977626518 9.4533674396 9.5591056717 10.1171340147 10.2534112599 11.6606915827 11.6920619649 12.0278288872 12.0989023567 12.7657975029 12.8110085008 13.5195813211 13.5327724443 18.5922736118 18.6084148383 18.6611441778 18.7210935307 18.8705770471 18.9062289662 19.2396601022 19.2827541681 20.6205693884 20.6499250098 21.1675814147 21.1942877354 23.7320759838 23.7602528882 24.5961577122 24.6359888653 29.8680767755 29.9034203320 31.0293138252 31.0438977169 31.5302388380 31.5678423354 32.5417275248 32.5572047862 34.2221017356 34.2306621649 34.7109675383 34.7252940345 36.0306957288 36.0603486752 36.7696518556 36.7827075900 37.0093860589 37.0726771964 37.5656412582 37.6936082211 41.6042272536 41.6793439662 43.0166523076 43.1365814231 44.5377550839 44.6024448235 44.7410055614 44.8022046342 48.0809727642 48.1561764365 48.2720357899 48.3662886604 78.0655093246 78.1762642819 80.0240746176 80.1616365924
-65.3730369342 -65.3730199825 -65.3482622431 -65.3482448103 -42.0729291112 -42.0690871383 -42.0521449169 -42.0491986965 -42.0466942697 -42.0444292649 -42.0258991120 -42.0203580570 -42.0183917178 -42.0157647173 -42.0041261218 -41.9972086792 -41.9958057564 -41.9953103611 -41.9714856620 -41.9697522832 -41.2792742144 -41.2678174661 -41.2563572244 -41.2457605043 -40.6260079686 -40.6224963266 -40.6058560374 -40.6042497978 -40.6018338328 -40.5999876206 -40.5953710912 -40.5878558137 -40.5828681147 -40.5747378150 -40.5726790209 -40.5694762797 -40.5671002331 -40.5560324167 -40.5481024370 -40.5411911763 -40.5366941616 -40.5312486747 -40.5191654258 -40.5139928672 -40.5083894497 -40.5044843766 -40.4908106735 -40.4816888947 -38.7899554519 -38.7862368933 -38.7692631615 -38.7647761327 -38.7392825337 -38.7221544917 -38.7150441485 -38.6981204681 -15.5535485433 -15.5375881026 -15.3558879708 -15.3365887013 -15.1281750081 -15.1248510883 -14.9903580367 -14.9868228893 -9.4695744022 -9.4043968664 -9.2799389199 -9.2273834599 -9.0940316774 -8.8726679601 -8.8522952891 -8.6236061866 -7.8527334162 -7.8181972268 -7.7209643958 -7.7036418925 -7.5299121727 -7.4651034412 -7.3970766734 -7.3321155851 -7.1712122096 -7.1220176131 -7.0965140692 -7.0832843334 -5.9949712318 -5.9393338029 -5.9157994418 -5.8148298541 -5.0579198218 -4.9555345585 -4.8793796100 -4.7681523040 -3.1472738279 -3.1186514061 -3.0831526475 -3.0403822463 -2.9218889211 -2.8589475527 -2.7363266351 -2.6497401755 -2.5073417632 -2.4431710717 -2.4084718142 -2.3533109236 -0.7995500321 -0.7591264453 -0.6408842754 -0.5868558431 0.8916438032 0.9267426394 1.2434732179 1.2659135136 2.4413262643 2.5358526286 2.5905488568 2.6884729865 3.4866827117 3.5468879561 3.7079095702 3.7605573894 4.7068759513 4.7241923181 4.7816288818 4.8140143246 5.2583934157 5.2838049904 5.4558263000 5.4799970622 5.6489372543 5.6633154778 5.8338921017 5.8571956650 6.5376970958 6.5429699913 6.8915821778 6.9221689896 7.5254904557 7.5669824336 7.7782081061 7.8543685026 8.4409752454 8.5204527402 8.6970785731 8.7237389732 9.7538442826 9.8730351498 10.4401103985 10.6099485958 11.5623238497 11.6711181615 12.0902406482 12.2206651257 14.2748288881 14.3225691675 14.8695667560 14.9111373701 16.9665623381 17.0858336906 17.7677853220 17.9063912083 18.2931761414 18.3914255653 19.0306870257 19.1610055473 21.6770376520 21.6977490489 21.9814763372 22.0083868945 22.4556576054 22.4612146575 23.1166640925 23.1203619699 24.1875034791 24.2077166030 25.7425750649 25.7723719993 27.9903376519 28.0094880371 29.7777530733 29.7875003745 34.1883051454 34.1937078429 34.5713349394 34.5815212424 34.9183681871 34.9424563922 35.8854764287 35.9117141688 37.1819439171 37.2103308968 37.6938054675 37.7233434264 38.8191510106 38.8529034706 39.3464637995 39.3619729280 43.1133117635 43.1833912240 44.0398550221 44.1133380397 46.1683312202 46.1898518265 47.3951534926 47.4222630579 72.7172263358 72.7968667543 74.5670913501 74.6385843118
-65.3706673839 -65.3706499570 -65.3432698540 -65.3432499013 -42.0721401960 -42.0686240268 -42.0515569154 -42.0481784535 -42.0461064470 -42.0437299538 -42.0254544758 -42.0198047193 -42.0176286083 -42.0155010662 -42.0033496625 -41.9967457207 -41.9957742387 -41.9951530788 -41.9709306061 -41.9692642942 -41.2798577492 -41.2678882524 -41.2572714132 -41.2456735994 -40.6248363713 -40.6187914832 -40.6054676271 -40.6042401057 -40.5995881132 -40.5977121696 -40.5942319363 -40.5848632518 -40.5832395174 -40.5743581414 -40.5737103392 -40.5692629152 -40.5617123417 -40.5562810833 -40.5487371040 -40.5411721923 -40.5356879640 -40.5314139260 -40.5187438651 -40.5123209033 -40.5087887829 -40.5049780847 -40.4885785944 -40.4824139307 -38.7865662430 -38.7808729882 -38.7645589436 -38.7603094748 -38.7426725202 -38.7235779821 -38.7208656480 -38.7011077982 -15.5496879602 -15.5337566519 -15.2181772287 -15.1949014504 -15.1257030358 -15.1222769887 -14.8932455153 -14.8894171714 -9.4411617076 -9.3422643327 -9.2918806118 -9.2408435063 -9.2121765962 -8.9565882112 -8.8610128689 -8.6350050552 -7.9350366645 -7.8210334274 -7.7924025370 -7.7421713909 -7.7118841004 -7.4875778107 -7.4672528600 -7.3624555603 -7.3368020217 -7.2887831864 -7.0916069970 -7.0792661723 -6.0636875981 -6.0164519368 -5.9358689925 -5.8133427026 -5.0496720099 -4.8832650399 -4.8688743780 -4.6887209480 -3.2349670706 -3.2086135810 -3.1003801791 -3.0544305624 -2.9107548605 -2.8487068671 -2.6073606148 -2.5391462818 -2.4997266995 -2.4463275737 -2.3911812854 -2.3646775028 -0.7971654648 -0.7573636394 -0.4874632631 -0.4232201779 0.8357167535 0.8740444769 1.2417266469 1.2642463461 1.8502286860 1.9418391218 2.5837470833 2.6814835732 3.5035950724 3.5664678215 3.7827435968 3.8285041078 4.6873718068 4.7028322471 4.9440312058 4.9870295656 5.3329777189 5.3585188540 5.7246928367 5.7621150144 6.2158194587 6.2396574544 6.3170088508 6.3349674778 6.5677004536 6.5712912691 6.6798231494 6.7019744688 7.5352406767 7.5808044660 7.7753098568 7.8538741669 8.3440992043 8.4275385470 8.5514762279 8.5742801085 9.7552621158 9.8716465727 10.2750047043 10.4538703617 11.5510417118 11.6521279666 11.9703227379 12.0896729219 14.1872220393 14.2224099801 14.5078921627 14.5442427539 16.9296954703 17.0447592796 18.2340660754 18.3081239269 18.4115186489 18.5023500412 19.0070501382 19.0935455566 21.6587054776 21.6844584728 21.9498701421 21.9717408414 22.5093870346 22.5154728180 23.7306777965 23.7355515345 24.1783793862 24.1986285017 27.9784588912 27.9983738453 28.0509676706 28.0814646318 31.1911801515 31.2153739483 34.4608296309 34.4722873875 34.7271455249 34.7427922030 35.3380175911 35.3740170182 35.7707815676 35.7981282918 37.2061939024 37.2555834654 37.6834534858 37.7151507132 38.7435149166 38.7782379222 40.3439137660 40.3884791396 42.9346984729 43.0080863688 44.5487603391 44.6221479707 46.0157553574 46.0377183915 48.5351256151 48.5806578689 72.6835294923 72.7591625633 77.1599462058 77.2586728761
-65.3753589377 -65.3753427261 -65.3509296816 -65.3509129676 -42.0732346854 -42.0700730099 -42.0529967273 -42.0500626524 -42.0463993422 -42.0446649428 -42.0287475647 -42.0206529844 -42.0183492655 -42.0163450281 -42.0081793781 -41.9975235141 -41.9968876466 -41.9956712211 -41.9715042348 -41.9697513541 -41.2788466210 -41.2684323814 -41.2568190829 -41.2455249936 -40.6261530297 -40.6230867118 -40.6065437027 -40.6052792287 -40.6024725820 -40.6000151238 -40.5953166389 -40.5892275114 -40.5840593946 -40.5747156747 -40.5729992326 -40.5698015953 -40.5682884129 -40.5584632420 -40.5478538206 -40.5428950468 -40.5394281043 -40.5319009906 -40.5206401650 -40.5150025910 -40.5084252997 -40.5050134668 -40.4911649627 -40.4822583803 -38.7920340199 -38.7880497460 -38.7698193522 -38.7661572943 -38.7374460995 -38.7209023198 -38.7138440687 -38.6996993377 -15.5540131916 -15.5380592558 -15.3731803397 -15.3554560182 -15.1312268689 -15.1279458414 -15.0179188174 -15.0147729965 -9.5936489024 -9.5406661109 -9.2822204858 -9.2301443954 -9.1362020439 -8.9516736274 -8.8545029191 -8.6259159112 -7.8736806256 -7.8243137975 -7.8088853207 -7.7172332108 -7.4947634709 -7.4615347250 -7.3633720201 -7.3149696834 -7.1010450525 -7.0873249299 -6.9118325138 -6.8511165116 -6.0898237516 -6.0188618499 -5.9382105875 -5.8144859052 -5.0565877668 -4.9683641891 -4.8781314240 -4.7838381367 -3.1365888984 -3.1114920482 -3.0842294546 -3.0413048704 -2.9228458303 -2.8597651165 -2.7906382004 -2.7036606627 -2.4970238933 -2.3941450630 -2.3118191000 -2.2318243103 -0.8124071503 -0.7707947327 -0.7658766076 -0.7213782240 0.4551446233 0.4943774874 1.2475175397 1.2695748579 2.5766431705 2.6733418997 2.8118077414 2.8972234516 3.1606584021 3.2469749528 3.5136866168 3.5784366796 4.4445735780 4.4792859872 4.6125281406 4.6450502032 4.7498471411 4.7726760946 5.1140338593 5.1406196271 5.3754625131 5.4007052674 5.7754308665 5.8111336402 6.5458334830 6.5489929328 6.7010811209 6.7444306669 7.5214851183 7.5618713740 7.7793214770 7.8565695156 8.1805667509 8.2483178901 9.3185218965 9.4146761423 9.7692280274 9.8906580454 10.7555073719 10.8617215324 11.6407518291 11.7485089199 12.1828446497 12.2795849498 13.9237127672 13.9761835261 14.3853668657 14.4405852209 16.9685547223 17.0854189111 17.3025383070 17.3839609223 18.1766946644 18.2641737303 18.3873472321 18.4791968857 21.0700442497 21.0997594453 21.9204287969 21.9462230271 22.4521321387 22.4580897023 22.7100100078 22.7228225563 24.1713544266 24.1922917701 24.8419442276 24.8708170302 27.8211379298 27.8343585012 28.2626206197 28.2713809931 33.1802137932 33.1994007100 34.0390285305 34.0879702926 34.5787946371 34.5930133854 35.8772692727 35.9027795457 37.0515502432 37.0683614951 37.6877485246 37.7169710020 38.7832690171 38.8177612859 39.1840126353 39.2125148013 43.1341774302 43.2045845033 43.7139330120 43.7801911512 46.0590944269 46.0830993715 46.3098308994 46.3317139095 71.8167417591 71.8743249031 73.0243589644 73.0987807135
-65.3617633169 -65.3617424455 -65.3367579763 -65.3367352698 -42.0698470578 -42.0649852276 -42.0494914747 -42.0450767796 -42.0445693852 -42.0414281371 -42.0214653588 -42.0183873707 -42.0152147706 -42.0128479222 -41.9993363715 -41.9956609024 -41.9947864365 -41.9941038328 -41.9694853099 -41.9681837756 -41.2835313773 -41.2705368450 -41.2612973458 -41.2481272376 -40.6195590858 -40.6182007520 -40.6034871706 -40.6001059235 -40.5969813535 -40.5951717062 -40.5920800666 -40.5819981429 -40.5813164234 -40.5748241466 -40.5698312296 -40.5661547969 -40.5603191759 -40.5508344929 -40.5490663126 -40.5357984127 -40.5326046576 -40.5305973744 -40.5146713073 -40.5094049718 -40.5065225622 -40.5007399004 -40.4845968598 -40.4787545602 -38.7789459188 -38.7686768111 -38.7631482035 -38.7598527301 -38.7430983980 -38.7354620905 -38.7264724320 -38.7059524234 -15.0713556076 -15.0508236743 -15.0428541486 -15.0220517292 -14.7970923476 -14.7931773062 -14.7811433536 -14.7771744178 -9.3941390564 -9.3773567425 -9.3601499386 -9.3329808585 -9.1347183124 -9.1184623940 -9.0916276038 -9.0723744893 -8.4103727179 -8.4005817131 -8.2157400207 -8.2089925773 -7.9934489166 -7.9456575608 -7.4912596612 -7.4438744357 -7.3855080969 -7.3740749373 -7.3138706797 -7.2934282874 -6.1909304887 -6.1793447055 -6.1598454966 -6.1492646024 -4.7493321948 -4.7187475155 -4.5355915232 -4.5040420305 -3.4567696299 -3.4188687197 -3.4130411741 -3.3747785606 -2.7155313442 -2.6960077937 -2.6363654725 -2.6160993677 -2.1086682486 -2.0919319891 -1.9911508244 -1.9741269443 -0.3142074098 -0.3004766752 -0.2469785659 -0.2333121006 0.6215998359 0.6585027874 0.6814580411 0.7188210769 1.2031419262 1.2424073115 1.2733046337 1.3123710054 3.7797121336 3.8228922887 3.9510602267 3.9978023833 5.0706927751 5.0924058921 5.1117364989 5.1326371053 5.6872750258 5.6944808962 5.7901783546 5.7996349203 7.2467828323 7.3155641646 7.4107141649 7.4572589823 7.4778960781 7.4945643390 7.5990756421 7.6337362706 8.6934577126 8.7186576863 8.7731461004 8.8180313930 8.9035750164 8.9448226942 8.9761718178 9.0134329582 9.4341920706 9.4770365774 9.5581083943 9.5961477649 11.5694550211 11.5847134674 12.0704972969 12.1071398174 12.7354722217 12.7851601103 12.8337493737 12.8655120514 18.5965715440 18.6087374221 18.6494884824 18.6599840707 19.2252523887 19.2366625009 19.2711208065 19.2831895931 20.5968582858 20.6147160487 20.6586500581 20.6792706192 23.9174880386 23.9546099890 24.7932668554 24.8395282167 30.9766832854 30.9861705805 31.0901216391 31.0978448657 32.5077765169 32.5180421895 32.5561300478 32.5665435091 34.6890065056 34.7027979400 34.7178250646 34.7324381329 36.7203084018 36.7312209983 36.8160274266 36.8238315460 37.4278066196 37.5550594528 37.6733960896 37.8026849278 42.8501862862 42.9659352020 43.1542501244 43.2757402389 44.4023853904 44.4531831945 44.9591744357 45.0227147498 48.0729474558 48.1803236830 48.3793211767 48.4823120323 79.3818580864 79.5199362748 80.5879888653 80.7255197944
-65.3581108715 -65.3580972691 -65.3465794753 -65.3465594960 -42.0627226663 -42.0599312963 -42.0592679270 -42.0548665635 -42.0332716367 -42.0314303467 -42.0310875811 -42.0281930131 -42.0190171715 -42.0102005800 -42.0087573446 -42.0039478429 -41.9837618846 -41.9827437889 -41.9822483668 -41.9811752957 -41.2703036281 -41.2696819639 -41.2605645764 -41.2574908520 -40.6143103933 -40.6127599664 -40.6101818852 -40.6081256108 -40.5938009258 -40.5915160723 -40.5863301619 -40.5834877498 -40.5821890748 -40.5796782407 -40.5790254606 -40.5723106891 -40.5610229885 -40.5591099868 -40.5505569746 -40.5415767591 -40.5318159428 -40.5249534896 -40.5224733578 -40.5181177060 -40.4993558415 -40.4973903270 -40.4950293847 -40.4903620271 -38.7849226159 -38.7830312805 -38.7710303795 -38.7661132332 -38.7352288698 -38.7228814861 -38.7123715850 -38.7106386071 -15.2818366460 -15.2655289445 -15.1204415238 -15.0944278684 -14.9818311141 -14.9793203697 -14.8305136151 -14.8266684336 -9.9258856977 -9.8860295359 -9.4742782216 -9.3627360156 -9.3316923588 -9.3077590391 -9.2010864092 -9.0603227647 -8.0749385662 -7.9625166181 -7.9114708899 -7.8814969821 -7.8492423813 -7.4521682991 -7.3640015095 -7.3341789668 -7.2595997266 -7.2216954974 -6.5733027110 -6.4543728151 -6.1635545059 -6.1375004531 -6.0972796425 -6.0667579455 -4.9025026476 -4.8010094016 -4.7242939990 -4.5996145415 -3.3299501714 -3.3022119094 -3.1703722540 -3.1608540362 -2.7496900141 -2.6550628336 -2.6169334851 -2.5385999601 -2.2775160257 -2.1675377038 -1.9787015909 -1.9208402105 -0.9081133981 -0.8567939099 -0.4061146763 -0.3387206854 -0.1107684801 -0.0645104877 0.5466752844 0.5967661952 1.7014299783 1.7808598349 2.8214077419 2.8439495560 3.3673303994 3.4592045813 3.5460531141 3.5606995628 3.7741605214 3.8143086427 3.8430920079 3.8828821281 4.7467025485 4.7665045162 4.9841688535 5.0295440379 6.1251346377 6.1374708743 6.3591899048 6.4190425779 6.6636564320 6.6864989119 7.0339589293 7.1067166302 8.3031342776 8.3453420969 8.9420977667 9.0630859475 9.2602491090 9.2933048769 10.1189693638 10.2574940843 10.5129226888 10.6429713958 11.8795927486 11.9434372565 12.3551577119 12.5552250083 12.8995150936 13.1248166195 13.5010722058 13.5069442153 13.5204261663 13.6721659030 17.3266037269 17.3756878791 17.9287456969 17.9809648831 18.6352668551 18.7130905834 18.8773411065 18.9114391542 20.4217445315 20.4497592605 21.1766667713 21.2032032337 22.1020425942 22.1160908740 23.9711907980 23.9988737936 25.5435954419 25.5681402450 26.3619308339 26.3862263123 28.7215088596 28.7285732801 29.8730302910 29.9083948629 31.5423557900 31.5805381301 32.8654469569 32.9361814490 34.2390645678 34.2479432397 36.0599882012 36.0886072312 37.0198974899 37.0829641658 37.7093776651 37.7322725316 38.5649476065 38.5957677887 41.6678436297 41.7449084222 43.0233374164 43.0790412191 44.6226736928 44.6908887760 45.1103431250 45.1286205509 48.1464422732 48.2109692551 67.5426652280 67.5668488721 78.1417026290 78.2527219019
-65.3613457892 -65.3613262323 -65.3376135041 -65.3375924875 -42.0701538255 -42.0656573469 -42.0497822784 -42.0458731607 -42.0450353439 -42.0421944365 -42.0214486072 -42.0187463387 -42.0159465587 -42.0131037495 -41.9997661053 -41.9954729316 -41.9948552741 -41.9943786178 -41.9698224840 -41.9684653422 -41.2817031510 -41.2690613578 -41.2592689157 -41.2468995650 -40.6208997322 -40.6180983892 -40.6032407136 -40.6008007443 -40.5976116391 -40.5965650632 -40.5923806559 -40.5827225540 -40.5813219388 -40.5743800002 -40.5712370869 -40.5666072748 -40.5609834860 -40.5516482777 -40.5486800726 -40.5363152523 -40.5333091542 -40.5309134242 -40.5149280952 -40.5098966140 -40.5072988206 -40.5024082873 -40.4853596550 -40.4800114947 -38.7819769390 -38.7767946421 -38.7621600013 -38.7572608103 -38.7466213429 -38.7249779592 -38.7242459777 -38.7021518730 -15.2227762374 -15.1993276110 -15.1197459072 -15.0937254775 -14.8982935239 -14.8944610698 -14.8309267398 -14.8271117529 -9.4927848079 -9.4302156670 -9.3814710852 -9.3362843983 -9.3142111654 -9.2074004366 -9.0724672617 -8.9512662885 -8.0728906136 -7.9624525655 -7.9376524038 -7.8426594074 -7.7878530129 -7.7398442355 -7.4940350544 -7.4447867415 -7.3481952136 -7.3323110052 -7.2926303945 -7.2559482788 -6.1393597494 -6.0988548065 -6.0597570528 -6.0128920131 -4.8875732053 -4.7929272110 -4.6932551640 -4.5905152675 -3.3420629884 -3.3141844480 -3.2286025123 -3.2016664641 -2.6248388329 -2.6024286383 -2.5518121919 -2.5328377360 -2.4382373093 -2.3682851371 -2.2716995998 -2.1613621646 -0.4926814658 -0.4282840762 -0.4042219263 -0.3370129128 0.5420661080 0.5921475490 0.8386820893 0.8771326095 1.6947335760 1.7736312580 1.8533635938 1.9450829368 3.7016187267 3.7406473005 3.8424818320 3.8863833690 4.9209756854 4.9644989425 4.9927290490 5.0386446423 6.0922409836 6.0997999773 6.2189073357 6.2506858131 6.3324350961 6.3559453360 6.4186938616 6.4551122671 6.5863616245 6.6096107483 6.7505882102 6.7677184794 8.3471216791 8.4276034150 8.5465749973 8.5713356063 8.9419188505 9.0627523739 9.2544218577 9.2885021483 10.1002858138 10.2391390861 10.2730659260 10.4437576736 11.5827056311 11.6545728976 12.0886765404 12.1882107444 13.5025852132 13.5157898601 14.3238943850 14.3730544514 18.3312143652 18.4540187874 18.6163613977 18.6858786389 18.8617238675 18.8881055207 19.0247355311 19.1076207272 21.1628765577 21.1885171190 21.7013243499 21.7317330986 23.6310955281 23.6386932407 24.0852421499 24.1105647228 28.0444466014 28.0790232067 29.8577647816 29.8922676075 31.1358308630 31.1638854296 31.6303085829 31.6637770977 34.2051590345 34.2139846708 34.6990326046 34.7144874214 35.3873997714 35.4277842141 36.0731415216 36.1005770660 36.9847072555 37.0466817494 37.2303064084 37.2822303140 40.3577105830 40.4017976495 41.5713452512 41.6467265262 44.1755189946 44.2409162847 44.9502188204 45.0281259360 47.9164308354 47.9776210046 48.7585617686 48.8073675795 76.5899040627 76.6932335448 78.6033810137 78.7086258560
-65.3595350637 -65.3595165943 -65.3360706673 -65.3360527913 -42.0710264955 -42.0672349796 -42.0507479026 -42.0470407905 -42.0453659462 -42.0429105050 -42.0214202978 -42.0193085277 -42.0168344648 -42.0139036537 -41.9997798007 -41.9962877513 -41.9952678568 -41.9949005341 -41.9701694542 -41.9690922823 -41.2817825091 -41.2710140050 -41.2595425320 -41.2481586804 -40.6227223205 -40.6201181814 -40.6034580239 -40.6025950795 -40.5991890692 -40.5969788631 -40.5941510545 -40.5847364956 -40.5810344160 -40.5731348946 -40.5715876642 -40.5687942229 -40.5630509793 -40.5526729600 -40.5477041648 -40.5368678234 -40.5332514008 -40.5320873169 -40.5152469414 -40.5106177567 -40.5084553502 -40.5030930487 -40.4857003214 -40.4809904955 -38.7883922640 -38.7870060742 -38.7663097746 -38.7629190785 -38.7428425120 -38.7230711664 -38.7180613899 -38.7007009217 -15.2421718019 -15.2221944228 -15.1483782585 -15.1247126670 -14.9340197615 -14.9308007185 -14.8490491107 -14.8454385422 -9.7709274701 -9.7149145733 -9.6253426627 -9.5387228986 -9.3275151644 -9.2910801065 -9.1244760636 -9.0938661433 -7.9576938810 -7.8735249036 -7.8499458298 -7.7873782931 -7.6667721009 -7.4816264209 -7.3896298269 -7.2895066251 -7.2021498199 -7.1059725139 -6.8834144598 -6.7697256447 -6.1437036611 -6.0891434936 -6.0751976322 -5.9958252632 -4.8711221278 -4.8186054525 -4.6837815908 -4.6247616467 -3.2805077458 -3.2603441826 -3.1884262749 -3.1738844550 -2.6110799034 -2.5168780096 -2.4912118989 -2.4262750330 -2.3633461518 -2.2618017642 -2.2419912778 -2.1685500929 -0.6584950923 -0.5992709724 -0.4975703495 -0.4324094136 0.2309542430 0.2771048418 0.3546540616 0.4031743023 2.1726028044 2.2549443855 2.8043078772 2.8958474571 3.4708082471 3.5086920335 3.6679980853 3.7057368806 4.4026239371 4.4421557223 4.5219701491 4.5817706523 4.8671946719 4.9352813841 5.1539751316 5.2157525155 5.4523544282 5.5033012914 5.8406856397 5.8673534319 6.5560405300 6.5960040847 7.1607302388 7.2083955024 9.1608802233 9.2203375864 9.3110811251 9.3756729596 9.8933476282 9.9434579682 10.3537057626 10.4079379331 10.8124335923 10.8931365438 11.6018365837 11.7181366153 12.2321561646 12.2840499843 12.4739418412 12.5705540554 13.5732270141 13.5913678549 14.0673773454 14.1040282648 17.9115033952 18.0053384331 18.4436617086 18.5217432313 18.8271120964 18.8545807184 18.9726335926 19.0267239396 21.0274174890 21.0370047413 21.2108914514 21.2229482415 22.7290759295 22.7420455578 23.5783162215 23.6005532160 27.0195267622 27.0542901619 28.5657140757 28.6004175253 29.2523752818 29.2901114143 30.5340530351 30.5812292234 31.0802791772 31.0851110989 32.6591365389 32.6636309469 34.0419985624 34.1042227344 35.5012398268 35.5434590477 37.1690826071 37.1956247617 37.6303536497 37.6459834590 39.8837189007 39.8996358049 41.2241824915 41.2671383446 43.5473132446 43.6126786322 44.2830482791 44.3549142823 46.3219620499 46.3498442909 47.3872181806 47.4322272434 71.9053658737 71.9551178968 75.8772506066 75.9612934359
-65.3579650085 -65.3579509688 -65.3478847469 -65.3478654682 -42.0629276480 -42.0602076815 -42.0594003658 -42.0552491084 -42.0334771302 -42.0316694356 -42.0313039731 -42.0285581595 -42.0189513439 -42.0106258289 -42.0086680353 -42.0038923443 -41.9836220072 -41.9826414915 -41.9826012593 -41.9814272421 -41.2700353663 -41.2685083223 -41.2604395820 -41.2562383207 -40.6138358393 -40.6110192159 -40.6104691712 -40.6085595114 -40.5944782531 -40.5913348826 -40.5876929975 -40.5830745935 -40.5813969672 -40.5797404563 -40.5769344644 -40.5732117032 -40.5605557774 -40.5600098337 -40.5506557774 -40.5420637228 -40.5324572118 -40.5257051560 -40.5231371270 -40.5180221598 -40.4991012553 -40.4986876467 -40.4960121975 -40.4909312963 -38.7821686700 -38.7803859884 -38.7728582578 -38.7680537008 -38.7312254878 -38.7254352361 -38.7127654732 -38.7100786090 -15.2803081811 -15.2640067799 -15.2186095969 -15.1952026609 -14.9805500908 -14.9780382786 -14.8939269047 -14.8901013690 -9.9336400368 -9.8940926587 -9.4291895811 -9.3391302064 -9.3283459551 -9.2099759533 -9.2069785646 -8.9487781573 -7.9356246710 -7.9128588054 -7.8837303191 -7.7905688918 -7.7462486228 -7.4848513174 -7.3561174448 -7.3438814769 -7.2970246748 -7.2141045472 -6.5678980962 -6.4483783000 -6.1627539025 -6.0647095423 -6.0593442226 -6.0127349045 -4.8931306095 -4.8862594220 -4.7136287931 -4.6924002133 -3.2280317158 -3.2020894230 -3.1671604261 -3.1574715097 -2.7496714540 -2.6539716282 -2.6068160360 -2.5408207284 -2.4448856254 -2.3728520185 -1.9755528076 -1.9178609169 -0.9085947599 -0.8571835524 -0.4900390933 -0.4257187823 -0.1193607730 -0.0729265991 0.8404366229 0.8785681466 1.8515641785 1.9437107805 2.8162866050 2.8384605729 3.3708474592 3.4616961783 3.5437657298 3.5582571889 3.7782121940 3.8224783148 3.8291935613 3.8698608277 4.7468949736 4.7664648822 4.9408716184 4.9844024975 6.2323988876 6.2635287865 6.3729382484 6.3831562017 6.6859309153 6.7072945606 7.0336684847 7.1069518030 8.3044075632 8.3392180030 8.3459924541 8.4183262423 8.5385813997 8.5662363159 10.2710111868 10.4491746705 10.4887212177 10.6177668262 11.8157949313 11.9270258898 12.3485433294 12.5473645297 12.8982643730 13.1202225309 13.5069608408 13.6751132922 14.3194146830 14.3676305543 17.3157518126 17.3639329332 17.9145203424 17.9663661972 18.3453867372 18.4699722145 19.0054112925 19.0903588376 20.4136239888 20.4416615636 21.7088439969 21.7394950288 22.1123546060 22.1261827485 23.7480746257 23.7525472006 25.5609417519 25.5854350014 26.3492778775 26.3738568357 28.0486335888 28.0831289343 28.6899067965 28.6969035153 31.2375077570 31.2614516568 32.8110661792 32.8823115396 34.6922254872 34.7075928594 35.4470125798 35.4859842162 37.2291818114 37.2802273300 37.6303282969 37.6529917765 38.4106029400 38.4414659129 40.3985118610 40.4433599447 42.9079550561 42.9629511197 44.6495125006 44.7227238299 45.0388404674 45.0571716278 48.5774782553 48.6229305988 67.2721770046 67.2959105531 77.2482165287 77.3479980365
-65.3673702633 -65.3673564112 -65.3444968470 -65.3444803001 -42.0727103708 -42.0691883877 -42.0519508642 -42.0493145775 -42.0465604356 -42.0442027949 -42.0256434396 -42.0200932176 -42.0186550090 -42.0180227527 -42.0023125205 -41.9985345159 -41.9960205623 -41.9953339773 -41.9708417558 -41.9697703745 -41.2819883177 -41.2719348956 -41.2595267505 -41.2500061937 -40.6248231658 -40.6222766802 -40.6050410708 -40.6036175807 -40.6015549839 -40.5988938815 -40.5959672570 -40.5883560130 -40.5822154440 -40.5734380413 -40.5723478819 -40.5702716321 -40.5667760822 -40.5578086871 -40.5476229922 -40.5405075211 -40.5354452413 -40.5344969286 -40.5178386359 -40.5119250114 -40.5095853368 -40.5050997195 -40.4865137426 -40.4825587395 -38.7937860265 -38.7926731485 -38.7718238207 -38.7704033257 -38.7382677207 -38.7237952389 -38.7141576514 -38.6997912360 -15.2894638922 -15.2728644365 -15.2307265625 -15.2112143421 -14.9878904166 -14.9853210337 -14.9201302100 -14.9169860809 -9.9318668805 -9.8918984070 -9.7667048267 -9.7111795886 -9.3419315747 -9.2876126008 -9.2086712693 -9.1151296050 -7.9166210155 -7.8861015071 -7.8677263270 -7.7886742000 -7.4947222635 -7.3539866831 -7.3149146940 -7.2021309456 -6.8874308067 -6.7728780115 -6.5737472093 -6.4555491394 -6.1668680594 -6.1006518593 -6.0732272836 -6.0001144014 -4.9086763256 -4.8623447172 -4.7306888984 -4.6757820943 -3.2077999880 -3.1978544248 -3.1578222155 -3.1485032169 -2.7538585657 -2.6592631272 -2.6063560483 -2.5088847058 -2.2447199441 -2.1710571789 -1.9795315990 -1.9217787348 -0.9167639172 -0.8655763010 -0.6522512176 -0.5929483962 -0.1210645518 -0.0754525092 0.2420647269 0.2886046170 2.7932319492 2.8041076999 2.8224055654 2.8896777254 3.3485827840 3.4350633377 3.4909986503 3.5176324308 3.5463480791 3.5720399442 3.8172774928 3.8548189835 4.4351093967 4.4729470901 4.5439531143 4.6062321886 4.7290324310 4.7463444676 5.1724597792 5.2361307617 6.9679670334 7.0282082515 7.2007322801 7.2467728037 8.2876030253 8.3280782256 9.2267632950 9.2931555707 10.3337398514 10.4019587164 10.4815562748 10.6035761429 11.5926873838 11.7090014538 12.2917354466 12.4300853909 12.4811398783 12.6011102525 12.8977917298 13.1118339916 13.5043551938 13.6678681405 14.0627524830 14.0958295261 17.3031736131 17.3491997061 17.8155750129 17.8607260067 17.9535388482 18.0294080904 18.9452361096 19.0198222283 20.3988562603 20.4266026762 21.0827253733 21.0974523769 22.0768179704 22.0899161682 22.7899124366 22.8037437130 25.5524840428 25.5772416376 26.3111016451 26.3360664221 27.0079541669 27.0421619710 28.5925766245 28.6112817542 28.7086569181 28.7210962575 31.1484441011 31.1531266728 32.7799734062 32.8515787777 34.1370641791 34.1978251771 37.5467978946 37.5624455666 37.7299505552 37.7517180275 38.4928053663 38.5237421941 39.9288959373 39.9450517661 42.9715638004 43.0265079568 43.6329274027 43.6983400706 45.0581445969 45.0759966828 46.3956086288 46.4230982876 67.3828667782 67.4073562787 71.9989649763 72.0481002218
-65.3527507506 -65.3527338503 -65.3436211828 -65.3436020413 -42.0612362832 -42.0594025735 -42.0573736342 -42.0554561247 -42.0329607300 -42.0310032959 -42.0304648927 -42.0283817212 -42.0119317635 -42.0098511297 -42.0049531995 -42.0039355670 -41.9838771394 -41.9828198374 -41.9819357819 -41.9809173373 -41.2695047052 -41.2678922274 -41.2582828214 -41.2559189004 -40.6139902862 -40.6110248848 -40.6105114358 -40.6080098883 -40.5918552882 -40.5913572344 -40.5855840827 -40.5830617771 -40.5813593047 -40.5799080478 -40.5754964602 -40.5726783303 -40.5611082568 -40.5596276963 -40.5439700624 -40.5418329423 -40.5278077542 -40.5247667743 -40.5195766291 -40.5184061044 -40.5008244489 -40.4970453355 -40.4928402999 -40.4913615641 -38.7776369439 -38.7738245409 -38.7730110837 -38.7698154626 -38.7322173996 -38.7267439707 -38.7116805351 -38.7088928285 -15.3550020699 -15.3356813420 -15.1507740080 -15.1269381441 -14.9890298586 -14.9854835962 -14.8563253522 -14.8527017790 -9.6278767382 -9.5407743974 -9.4636479155 -9.3980322231 -9.3245136920 -9.0997758216 -9.0894516945 -8.8672078407 -7.9518264432 -7.8452188643 -7.8396569429 -7.7039603292 -7.6622706642 -7.5216145096 -7.3835665279 -7.3706540339 -7.1993202501 -7.1687580728 -7.1158602013 -7.1028733526 -6.1282959106 -6.0636721396 -5.9931847466 -5.9138513886 -4.9602572414 -4.8202108990 -4.7733569777 -4.6252746459 -3.2760662249 -3.2548140704 -3.1315848821 -3.1038473608 -2.7412027180 -2.6536898265 -2.4951562107 -2.4507329778 -2.4268023897 -2.3660663655 -2.3644690005 -2.2624873054 -0.6446161393 -0.5901058978 -0.4972969844 -0.4321479649 0.3492419454 0.3975993520 0.8940984488 0.9295898377 2.1770938930 2.2596760770 2.4506376424 2.5464373910 3.6524436586 3.6860037055 3.6887493162 3.7377916890 4.7756415265 4.8097197762 4.8710153833 4.9376657647 5.3595300901 5.3896538045 5.4422823019 5.4935678241 5.7271637353 5.7433878123 5.8303556791 5.8568096012 6.5769799453 6.6187361294 6.8843831245 6.9163544570 8.4350710620 8.5189415243 8.6977249803 8.7211710483 9.2968088713 9.3654343880 9.9244237725 9.9696738117 10.4303226587 10.5976557841 10.8173271264 10.8993351423 11.9102055494 12.0393176110 12.2960245412 12.3508452453 13.5854776921 13.5998128106 14.7672376508 14.8133834349 17.7594155431 17.8977696325 18.4403739866 18.5186559293 18.8381160772 18.8777854731 19.0513119175 19.1752860975 21.1780208488 21.1943894527 21.7576333775 21.7811273663 23.0634289632 23.0713438108 23.5521304812 23.5743787813 25.7339844859 25.7636213585 29.2406270265 29.2790479456 29.7176616907 29.7278277404 30.5376396881 30.5862677583 32.6432635536 32.6479436047 34.2587541020 34.2663195919 34.8590096720 34.8933535093 35.4617110087 35.5048856244 37.1580152077 37.1868292194 37.2262479439 37.2549109884 39.3286909224 39.3443435154 41.2005550878 41.2427970618 43.9802725626 44.0505635015 44.2328552911 44.3052624203 47.2949132102 47.3262880336 47.3714133595 47.4133186662 74.2710161932 74.3450460904 75.8079948204 75.8917572378
-65.3664839091 -65.3664673647 -65.3410940254 -65.3410747446 -42.0716988328 -42.0680442164 -42.0510633650 -42.0477518808 -42.0457224837 -42.0432516186 -42.0253685560 -42.0194896420 -42.0172991030 -42.0163161639 -42.0024524228 -41.9968674477 -41.9958036060 -41.9948401380 -41.9706154912 -41.9692385946 -41.2810570108 -41.2696434340 -41.2587689955 -41.2477035439 -40.6236711027 -40.6202617696 -40.6049545868 -40.6031473439 -40.5991060033 -40.5981775529 -40.5945699939 -40.5860571177 -40.5823147072 -40.5737387647 -40.5720635179 -40.5694478430 -40.5638296505 -40.5563508868 -40.5481709740 -40.5400535718 -40.5350654506 -40.5321056028 -40.5174281827 -40.5108208222 -40.5086631576 -40.5043442400 -40.4862764273 -40.4820295633 -38.7885930255 -38.7851119145 -38.7665820446 -38.7637133609 -38.7413204625 -38.7234230692 -38.7186367359 -38.7006980908 -15.3741397846 -15.3563744462 -15.1525181782 -15.1287221694 -15.0230309408 -15.0198719328 -14.8580192078 -14.8544052291 -9.6368595550 -9.5926601013 -9.5607995367 -9.5287769417 -9.3266800533 -9.1398228796 -9.1020250376 -8.9553319766 -7.9568391750 -7.8711753236 -7.8483018132 -7.8012076939 -7.6683204559 -7.4804151328 -7.4006888228 -7.3094205597 -7.2029861150 -7.1068348206 -6.9083339221 -6.8476658408 -6.1341559536 -6.0887506301 -6.0679920356 -6.0135329812 -4.9713384490 -4.8207342783 -4.7865527160 -4.6258109760 -3.2799058399 -3.2589164965 -3.1285394743 -3.1033947010 -2.7931208405 -2.7049959590 -2.4972252738 -2.4288697361 -2.3680462766 -2.3169367884 -2.2605749642 -2.2297542313 -0.7898804958 -0.7399882453 -0.4958399365 -0.4307927493 0.3454932348 0.3930993682 0.4503833379 0.4900376251 2.1706110710 2.2530741092 2.7991121228 2.8849561829 3.1402312062 3.2268726615 3.6555546863 3.6925365532 4.4326570704 4.4682054671 4.6322586029 4.6759813964 4.8742152917 4.9390109776 5.1105432951 5.1357119639 5.4483596772 5.4976268004 5.8400539823 5.8647947220 6.5064135913 6.5372825382 6.7444538947 6.7827872822 8.1508517763 8.2189571225 9.2593415135 9.3176200544 9.3437118795 9.4005293313 9.9258667056 9.9726531090 10.7003054794 10.8132562730 10.8728235564 10.9505967361 11.9494432494 12.0304774962 12.3553262550 12.4193735633 13.5354088468 13.5563203650 13.9747893766 14.0200235549 17.2375674189 17.3156065368 18.2050578328 18.2849992569 18.4563546558 18.5311193725 18.8605692255 18.9034230055 20.9878275891 21.0103549039 21.2579153509 21.2691560428 22.6260641369 22.6395869810 23.5966047429 23.6198304993 24.8286096612 24.8576044209 27.9693385295 27.9760638558 29.2472052032 29.2852615256 30.5382950327 30.5868958050 32.6207610302 32.6239366254 33.1166147028 33.1353541884 33.9206616155 33.9701822660 35.4706304090 35.5133015169 37.0268075038 37.0437828330 37.2122661042 37.2406142042 39.0636486231 39.0930599750 41.2112067070 41.2538188977 43.5208518607 43.5847484733 44.2549877215 44.3269759532 45.9884584289 46.0140655742 47.4013173778 47.4459868276 71.6095876748 71.6638211810 75.8779255215 75.9612560172
-65.3663424995 -65.3663260413 -65.3411822058 -65.3411629695 -42.0717147453 -42.0679828783 -42.0509938737 -42.0476166183 -42.0457330571 -42.0432416368 -42.0253099886 -42.0193804238 -42.0171602643 -42.0162144803 -42.0025192755 -41.9968647342 -41.9958268475 -41.9949006316 -41.9706406703 -41.9692783323 -41.2809986600 -41.2697389622 -41.2587822514 -41.2479165596 -40.6235193744 -40.6214783244 -40.6044788708 -40.6024538113 -40.6001624367 -40.5979119770 -40.5944320887 -40.5867307227 -40.5822122895 -40.5734421311 -40.5715733998 -40.5688322244 -40.5649520397 -40.5561435855 -40.5478008024 -40.5403357371 -40.5348332616 -40.5319651172 -40.5175108578 -40.5114215386 -40.5082694972 -40.5037407530 -40.4873104802 -40.4811450391 -38.7893011552 -38.7859501707 -38.7672725013 -38.7647267928 -38.7404670600 -38.7227493813 -38.7178880452 -38.7002916822 -15.3755887323 -15.3578142963 -15.1534588705 -15.1296614464 -15.0235392874 -15.0203769104 -14.8584836887 -14.8548648829 -9.6339755969 -9.5868656823 -9.5559833801 -9.5242024342 -9.3254296510 -9.1360203887 -9.1004280658 -8.9507800400 -7.9586824668 -7.8726156871 -7.8501156150 -7.8018492873 -7.6695803026 -7.4818673887 -7.4011208684 -7.3099366436 -7.2033797441 -7.1072145014 -6.9107286745 -6.8491400320 -6.1339402043 -6.0873739280 -6.0674044360 -6.0114045711 -4.9736462738 -4.8215721300 -4.7896538319 -4.6268144849 -3.2780268907 -3.2572003629 -3.1205993041 -3.0961396256 -2.7965380320 -2.7080916465 -2.4973563195 -2.4290367923 -2.3682870755 -2.3151126205 -2.2605465364 -2.2275469504 -0.7880114553 -0.7379347347 -0.4961563525 -0.4310847784 0.3449771385 0.3926352148 0.4585841382 0.4984340943 2.1718477399 2.2543576353 2.8036750981 2.8895216276 3.1547440033 3.2406196629 3.6546852770 3.6917265216 4.4432343337 4.4785137210 4.6409215221 4.6856296874 4.8747538275 4.9392215820 5.1169036507 5.1426953982 5.4498839480 5.4989927793 5.8411243472 5.8656103089 6.5103754454 6.5419748669 6.7557339825 6.7943151638 8.1708572508 8.2402027328 9.2604913156 9.3227922935 9.3392946102 9.4129549119 9.9247460023 9.9715311170 10.7062841019 10.8196578943 10.8785393503 10.9575396634 11.9975023107 12.0753125085 12.3724598974 12.4399084195 13.5358265424 13.5563847371 13.9852784938 14.0320648616 17.2717795024 17.3499245540 18.2421959021 18.3214538447 18.4606896202 18.5348097630 18.8632127775 18.9060572191 21.0026245084 21.0241596661 21.2649338399 21.2761689313 22.6330017647 22.6464835426 23.5956908833 23.6188071753 24.8337776501 24.8628409180 28.0149896452 28.0217397026 29.2518893219 29.2899620429 30.5397613120 30.5881138258 32.6356626592 32.6391263011 33.2044183726 33.2222579571 34.0731747047 34.1221523823 35.4902100107 35.5326638823 37.0466717642 37.0639606543 37.2114099219 37.2398109885 39.1327801416 39.1614793765 41.2117513123 41.2548928403 43.6662825413 43.7306732049 44.2953305762 44.3667496485 46.0881961842 46.1136765467 47.4223282966 47.4668685690 71.8435509389 71.8987175001 75.9324033577 76.0161011053
-65.3729624169 -65.3729452658 -65.3480360168 -65.3480183420 -42.0730190689 -42.0693007299 -42.0523813124 -42.0495691636 -42.0469351069 -42.0447220078 -42.0258774001 -42.0204311986 -42.0185434868 -42.0158356272 -42.0040500447 -41.9972981855 -41.9958689068 -41.9953947413 -41.9712932501 -41.9695263852 -41.2795486683 -41.2677670241 -41.2565038384 -41.2455057141 -40.6259429526 -40.6202864054 -40.6054744906 -40.6045613229 -40.6012381268 -40.5997106504 -40.5951477918 -40.5860441961 -40.5834025999 -40.5753460280 -40.5737696740 -40.5701417915 -40.5637582157 -40.5565059147 -40.5484418668 -40.5416639651 -40.5372122182 -40.5315729664 -40.5194284542 -40.5134087424 -40.5092692018 -40.5055489584 -40.4897261877 -40.4828912574 -38.7880682955 -38.7837711741 -38.7674989100 -38.7622026843 -38.7418088628 -38.7237157169 -38.7172978683 -38.6997326760 -15.5532425407 -15.5372999460 -15.3538279261 -15.3345453058 -15.1287702666 -15.1254524106 -14.9890308503 -14.9854965632 -9.4799714782 -9.4157081036 -9.2894060504 -9.2378039862 -9.1003840110 -8.8814558357 -8.8566548707 -8.6300521637 -7.8486518886 -7.8149496053 -7.7207518012 -7.7036968003 -7.5263047900 -7.4630303596 -7.3936053347 -7.3294565254 -7.1642454850 -7.1153059248 -7.0902514787 -7.0779420961 -5.9945704761 -5.9411884400 -5.9151933502 -5.8166958075 -5.0540839334 -4.9509790592 -4.8739360529 -4.7623530023 -3.1530274255 -3.1230196407 -3.0919109760 -3.0486468144 -2.9153506778 -2.8525409320 -2.7300998391 -2.6437068254 -2.5101180120 -2.4433923192 -2.4112493232 -2.3540862587 -0.8005067025 -0.7603984696 -0.6403180415 -0.5863134896 0.8879286148 0.9232711494 1.2410903117 1.2637055966 2.4427593236 2.5370420100 2.5841391723 2.6817088004 3.4810938917 3.5409240971 3.7045902087 3.7571348457 4.6866575729 4.7036789130 4.7727295250 4.8055087848 5.2409437610 5.2658554903 5.4466171976 5.4706461371 5.6317644064 5.6465166003 5.8273922676 5.8507726331 6.5248253770 6.5308187215 6.8895216709 6.9203426827 7.5263059337 7.5695762972 7.7687950565 7.8460268990 8.4355022032 8.5152729126 8.6939274935 8.7195882040 9.7300800646 9.8462150204 10.4323033628 10.6003658533 11.5167678333 11.6258225216 12.0674701997 12.1984751070 14.2473429865 14.2941173473 14.8507829304 14.8925494001 16.9189522262 17.0377522175 17.7492137889 17.8881332401 18.2588364516 18.3574126588 19.0238829129 19.1548783167 21.6737406218 21.6944001637 21.9622738518 21.9893253809 22.4575695039 22.4632763923 23.1155603154 23.1196658299 24.1591773378 24.1796218855 25.7304567613 25.7602443862 27.9313131290 27.9499845220 29.7272925790 29.7370396956 34.1424684278 34.1487097853 34.5168309217 34.5271170716 34.8674557434 34.8901520589 35.7206272207 35.7466493206 37.1275504743 37.1564592442 37.6583863043 37.6882165382 38.7429175356 38.7779767640 39.2526313518 39.2682711772 42.7562697373 42.8256813860 43.9641158507 44.0387018122 45.9396427804 45.9621784893 47.3379922054 47.3650161183 72.2738716235 72.3513607747 74.4896770324 74.5606407645
-65.3588685347 -65.3588549885 -65.3475723675 -65.3475510235 -42.0627075132 -42.0600383094 -42.0590609510 -42.0543910749 -42.0332506953 -42.0314297335 -42.0309051800 -42.0277732025 -42.0190726486 -42.0101784450 -42.0089272063 -42.0039180326 -41.9837087599 -41.9826674501 -41.9820607764 -41.9809705756 -41.2710864645 -41.2699502097 -41.2604919287 -41.2579105234 -40.6148947557 -40.6122250605 -40.6093757826 -40.6073480167 -40.5940658127 -40.5918468719 -40.5862688008 -40.5839259533 -40.5815331015 -40.5790832652 -40.5789545202 -40.5711960559 -40.5615963771 -40.5594455026 -40.5505446671 -40.5412470268 -40.5314517225 -40.5247803211 -40.5226885739 -40.5176772853 -40.4987043272 -40.4968270417 -40.4955359853 -40.4897634711 -38.7846331701 -38.7828107272 -38.7680885532 -38.7598445639 -38.7421052523 -38.7232531087 -38.7147427565 -38.7110718758 -15.2810274984 -15.2647210490 -15.0585580831 -15.0299626347 -14.9817055479 -14.9791967162 -14.7860292496 -14.7820707143 -9.9290590138 -9.8892619863 -9.3811374232 -9.3410245563 -9.3346044554 -9.2042820808 -9.1180262870 -9.0773163422 -8.4090429820 -8.2127506796 -7.9696317876 -7.9110653990 -7.8813393134 -7.4649734323 -7.3795818854 -7.3637574468 -7.3030475940 -7.2217809683 -6.5732467053 -6.4553017630 -6.1822387187 -6.1649069187 -6.1543098391 -6.0690609462 -4.9016343620 -4.7355028931 -4.7232113868 -4.5216826641 -3.4310862532 -3.3931822490 -3.1741953243 -3.1645594140 -2.7512017375 -2.7048293428 -2.6564515157 -2.6250786914 -2.1017005315 -1.9841324448 -1.9791808777 -1.9215444960 -0.9120638550 -0.8608999746 -0.3058342058 -0.2386613052 -0.1201272702 -0.0743731522 0.6436974196 0.7035092042 1.2231068409 1.2932411767 2.8033105712 2.8245871343 3.3637196325 3.4562919041 3.5437021108 3.5589954556 3.8349885520 3.8679797170 3.8779723621 3.9165882161 4.7345156135 4.7525906863 5.0858764133 5.1252761884 5.7390835108 5.7500536953 7.0147806979 7.0880322198 7.3331347931 7.4144162514 7.5348227379 7.5705314164 8.2920267822 8.3323845445 8.7558518904 8.8372232272 8.9143311278 8.9296837445 9.4617135364 9.5706437228 10.4775115104 10.6079882098 11.8324725136 11.8627911002 12.3390058337 12.5356772988 12.7747759123 12.8178121159 12.8923668333 13.1097485966 13.4946224783 13.6620766473 17.3110507102 17.3585368779 17.8759511082 17.9265996118 18.6269368168 18.6382070568 19.2417783730 19.2847533037 20.4008621791 20.4289886161 20.6261968612 20.6556260457 22.0924622393 22.1063290473 24.3483608568 24.3910322509 25.5586749140 25.5832547840 26.3335079773 26.3580867197 28.6542294415 28.6609706174 31.0355674245 31.0505297306 32.5303367064 32.5457809269 32.8131592533 32.8841379990 34.7051182859 34.7193477322 36.7726963029 36.7858101852 37.5187311299 37.6224395804 37.7159279595 37.7469691972 38.5060032861 38.5352945397 42.9667671896 43.0289996371 43.0802722687 43.1932339411 44.6677776864 44.7233801735 45.0664666525 45.0844348895 48.2244314634 48.3297508139 67.4137914848 67.4375385543 80.0043020301 80.1427261531
-65.3628867115 -65.3628669419 -65.3391408453 -65.3391207706 -42.0711352637 -42.0670971485 -42.0506582749 -42.0467512138 -42.0454109918 -42.0428038238 -42.0220210355 -42.0193850391 -42.0168379672 -42.0136991802 -42.0006299906 -41.9960584381 -41.9950296358 -41.9946419653 -41.9704217847 -41.9690631774 -41.2815312858 -41.2696990886 -41.2593307676 -41.2471761161 -40.6223139290 -40.6191652257 -40.6036678894 -40.6019834282 -40.5979710773 -40.5975339746 -40.5923501378 -40.5838333099 -40.5814801561 -40.5742992699 -40.5723592922 -40.5672121590 -40.5616001222 -40.5530411828 -40.5488770135 -40.5378809739 -40.5338163305 -40.5313006377 -40.5163325485 -40.5106634050 -40.5082176876 -40.5034978455 -40.4864765458 -40.4814187823 -38.7846256807 -38.7792826285 -38.7628997646 -38.7571414263 -38.7479096076 -38.7250632445 -38.7240826295 -38.7030818087 -15.3559116035 -15.3365562971 -15.1203644429 -15.0943891281 -14.9922657093 -14.9887194410 -14.8293064722 -14.8254413203 -9.4962390006 -9.4620307105 -9.4157949808 -9.3664912934 -9.3140081876 -9.0970077776 -9.0674016758 -8.8771231833 -8.0737937860 -7.9638243993 -7.8550775047 -7.8333671704 -7.7041962744 -7.5213754036 -7.4497807278 -7.3659975878 -7.3328780383 -7.2590916734 -7.1636862537 -7.1108515910 -6.1414486209 -6.1013966980 -5.9914449289 -5.9132256136 -4.9571706237 -4.7955522989 -4.7690284359 -4.5934572623 -3.3372350536 -3.3090324158 -3.1349170020 -3.1063038910 -2.7373850075 -2.6505559967 -2.6167257540 -2.5392217213 -2.4511202879 -2.3673753199 -2.2716533703 -2.1621655775 -0.6458642141 -0.5914037157 -0.4058003908 -0.3383888506 0.5408443839 0.5910965912 0.8849046779 0.9206912179 1.7050138191 1.7840581191 2.4514379308 2.5467497438 3.6592894005 3.7044617013 3.7951149523 3.8377645141 4.7555735757 4.7900372066 4.9907148195 5.0353496625 5.3353436930 5.3654681208 5.7021039303 5.7200052841 6.1178136618 6.1319930287 6.3594555344 6.4167430091 6.6585532740 6.6776079262 6.8941653379 6.9270666409 8.4195517854 8.5044047082 8.6702388803 8.6951190027 8.9561766000 9.0712817261 9.2800137484 9.3102088641 10.0963466257 10.2300983514 10.4392174952 10.6068306499 11.6769498795 11.7472270867 12.0861203417 12.2037961002 13.4881937467 13.5045209163 14.7716727581 14.8164351064 17.7352468649 17.8720612777 18.6242704575 18.7038352819 18.8535827011 18.8928315543 19.0611020302 19.1821101174 21.1586991945 21.1856924455 21.7556319342 21.7787799628 23.0465307790 23.0545319720 23.9939536140 24.0218237890 25.7246088664 25.7541913474 29.6335042302 29.6383357858 29.8941341248 29.9243239533 31.5214798201 31.5596310205 34.1267786685 34.1325169398 34.3442824703 34.3466200123 34.8168426811 34.8506248724 36.0549642223 36.0835273184 36.9157623541 36.9694004847 37.2296567725 37.2674384649 39.2265209285 39.2424138095 41.5567423692 41.6326772079 43.8056266523 43.8766282268 44.5881410964 44.6572121998 47.2069846364 47.2361050101 48.1458083944 48.2098511452 74.0889080660 74.1617875911 78.0542747690 78.1643009309
-65.3667676206 -65.3667535198 -65.3444151267 -65.3443983643 -42.0727835702 -42.0692418204 -42.0519553230 -42.0492613768 -42.0466215152 -42.0443008434 -42.0255614168 -42.0200336541 -42.0185785940 -42.0179289849 -42.0023675313 -41.9985227130 -41.9960461166 -41.9953730464 -41.9708561669 -41.9697815720 -41.2820141876 -41.2719087272 -41.2596235186 -41.2500601673 -40.6247775704 -40.6221750443 -40.6047349967 -40.6032332400 -40.6014356709 -40.5988493427 -40.5959050559 -40.5879911379 -40.5824168863 -40.5734274053 -40.5722409564 -40.5708340663 -40.5656230979 -40.5578574809 -40.5474125839 -40.5410373880 -40.5354687625 -40.5344185004 -40.5178959174 -40.5116232251 -40.5099670597 -40.5052716833 -40.4864836168 -40.4828501414 -38.7937882684 -38.7925915346 -38.7718052101 -38.7703367679 -38.7381707805 -38.7235475927 -38.7142281748 -38.6998840132 -15.2899840531 -15.2733981845 -15.2305284234 -15.2110090209 -14.9878305656 -14.9852611608 -14.9199567321 -14.9168135343 -9.9288427769 -9.8887998366 -9.7682808831 -9.7129481549 -9.3394106396 -9.2876894130 -9.2057361067 -9.1154841226 -7.9172535278 -7.8866007603 -7.8685165096 -7.7901745542 -7.4944563706 -7.3543320133 -7.3144928615 -7.2021573437 -6.8860509254 -6.7719962839 -6.5738455159 -6.4547306594 -6.1656334171 -6.1013653286 -6.0713545596 -6.0007370167 -4.9093785934 -4.8619828118 -4.7315653561 -4.6751200261 -3.2079563981 -3.1975491221 -3.1558142801 -3.1466560550 -2.7522852018 -2.6577829974 -2.6039000972 -2.5064170522 -2.2453535614 -2.1716460006 -1.9790178764 -1.9210939131 -0.9131490003 -0.8618022708 -0.6531664628 -0.5938981754 -0.1117522270 -0.0656517803 0.2412114811 0.2878061786 2.7961811281 2.8196763532 2.8410203988 2.8897097648 3.3514984236 3.4369277842 3.4900266988 3.5166300768 3.5476243694 3.5716945728 3.8243230997 3.8618324434 4.4319376988 4.4700771883 4.5391851589 4.6010864082 4.7399820819 4.7588627340 5.1687749486 5.2316538223 6.9821828804 7.0403320505 7.2024148507 7.2487657425 8.2989475563 8.3410335491 9.1960577163 9.2623344430 10.3347087206 10.4016423600 10.5129363327 10.6374770603 11.5885998899 11.7067635735 12.2983348789 12.4240645809 12.4677366253 12.6004919797 12.9062079598 13.1273934157 13.5118463402 13.6760285504 14.0602367358 14.0940420077 17.3182949165 17.3657180860 17.8515961206 17.8990912138 17.9650751731 18.0301640527 18.9464724039 19.0198418160 20.4174288717 20.4450717953 21.0724679721 21.0868999601 22.0851435577 22.0983668472 22.7719142873 22.7857289186 25.5364844626 25.5611507186 26.3384794615 26.3631405011 27.0249261385 27.0593493831 28.5795579140 28.6098281241 28.7468889712 28.7517848438 31.0809043989 31.0853877154 32.8342985012 32.9056166667 34.1005667652 34.1614023769 37.5419600733 37.5578483291 37.7597795413 37.7810327184 38.5627108399 38.5931571721 39.9082810443 39.9238823357 43.0160087590 43.0715978741 43.5594527131 43.6244857267 45.1054890383 45.1234705017 46.3511143257 46.3786282281 67.5077175405 67.5325370026 71.9651024620 72.0141210455
-65.3668856256 -65.3668712875 -65.3440261423 -65.3440092078 -42.0728542685 -42.0693559309 -42.0522644952 -42.0496327605 -42.0468599492 -42.0445356547 -42.0255621089 -42.0202570647 -42.0186816222 -42.0180383421 -42.0022218606 -41.9983690733 -41.9960841388 -41.9954259376 -41.9706152914 -41.9695610905 -41.2822793727 -41.2719386224 -41.2595622791 -41.2499155332 -40.6237467694 -40.6208163380 -40.6045544965 -40.6027879054 -40.6006512420 -40.5993209755 -40.5937535782 -40.5869809919 -40.5828462317 -40.5749558453 -40.5733403763 -40.5679403729 -40.5646920314 -40.5580117354 -40.5479090210 -40.5414013523 -40.5356824053 -40.5350592662 -40.5182984834 -40.5121828764 -40.5101743678 -40.5060229711 -40.4863553874 -40.4833660080 -38.7913765241 -38.7901820780 -38.7698154849 -38.7675672453 -38.7406321706 -38.7255953405 -38.7165642369 -38.7015124384 -15.2884680828 -15.2718719968 -15.2299949087 -15.2104987091 -14.9863821988 -14.9838089631 -14.9195216192 -14.9163738687 -9.9370092847 -9.8972719702 -9.7737800221 -9.7188122935 -9.3470584619 -9.2929547787 -9.2150792430 -9.1222077100 -7.9188350620 -7.8893194201 -7.8678411380 -7.7913766731 -7.4883701853 -7.3469769105 -7.3080558058 -7.1951592734 -6.8805042048 -6.7658179009 -6.5685761697 -6.4488883368 -6.1649809568 -6.1007814995 -6.0703433806 -5.9983521834 -4.9008502042 -4.8538277641 -4.7218469991 -4.6659699479 -3.2073331561 -3.1965059312 -3.1535810030 -3.1443464889 -2.7520818116 -2.6565081997 -2.6026784661 -2.5048217652 -2.2431383850 -2.1696622982 -1.9761468707 -1.9184063033 -0.9150798683 -0.8636556530 -0.6516976800 -0.5923147463 -0.1205126616 -0.0743082513 0.2368654396 0.2836736388 2.7987618471 2.8138059411 2.8334088540 2.8942222284 3.3529399247 3.4375812272 3.4889385752 3.5160440796 3.5433813195 3.5736615583 3.8074269766 3.8453995418 4.4322073531 4.4713670874 4.5351891646 4.5970499957 4.7374875045 4.7559081962 5.1737262128 5.2375000329 6.9741831164 7.0334142427 7.2073936065 7.2539013465 8.3002175478 8.3414578980 9.2116336790 9.2775630000 10.3203057998 10.3892602694 10.4953675937 10.6141736638 11.5905924042 11.7077909225 12.2897838905 12.4251763574 12.4782397717 12.6051144470 12.9047569304 13.1216838602 13.5173510062 13.6817002384 14.0584944353 14.0918447348 17.3034726888 17.3496676556 17.8339862959 17.8791964833 17.9520458382 18.0203553102 18.9472180794 19.0202928367 20.4067754394 20.4344525785 21.0759190909 21.0904902969 22.0902179789 22.1030857960 22.7929893869 22.8070268162 25.5446308567 25.5691729793 26.3150939996 26.3401114534 27.0107407123 27.0448516224 28.5931311003 28.6198711022 28.7195278088 28.7252594413 31.1312578762 31.1359494494 32.7554148779 32.8274080904 34.1479198820 34.2086917027 37.4954351987 37.5109522769 37.6516683692 37.6736540590 38.3712429623 38.4015421777 39.7970671035 39.8122495331 42.8709839295 42.9252010667 43.5603389995 43.6257488519 45.0161129773 45.0341924102 46.3597853549 46.3871983385 67.1684783532 67.1933047154 71.8832407721 71.9313402915
-65.3591151018 -65.3590993422 -65.3450970103 -65.3450803747 -42.0622956000 -42.0609213155 -42.0591733150 -42.0575044446 -42.0336576003 -42.0318010029 -42.0314867843 -42.0295770219 -42.0183961395 -42.0106065995 -42.0071590790 -42.0050647135 -41.9842185597 -41.9832317294 -41.9824072099 -41.9814160221 -41.2696700807 -41.2678958929 -41.2594421938 -41.2566290992 -40.6149028102 -40.6131314636 -40.6109337638 -40.6103301867 -40.5946391672 -40.5913684037 -40.5867789709 -40.5847766173 -40.5831494797 -40.5816052563 -40.5764230956 -40.5752711782 -40.5607189513 -40.5592668857 -40.5494434611 -40.5433926470 -40.5310455944 -40.5260735200 -40.5208091315 -40.5197664387 -40.5002367682 -40.4985361934 -40.4949957373 -40.4926655275 -38.7795582160 -38.7789935191 -38.7775587966 -38.7758340115 -38.7282272783 -38.7242280559 -38.7116665756 -38.7092653950 -15.3714033157 -15.3536670737 -15.2344134832 -15.2146350837 -15.0203943753 -15.0172895722 -14.9219814701 -14.9187683405 -9.7661482795 -9.7102579820 -9.5979752785 -9.5454516410 -9.2922761006 -9.1386926244 -9.1171936275 -8.9546621096 -7.8703845951 -7.8688236575 -7.8071612257 -7.7898414009 -7.4830610714 -7.4806339064 -7.3210747785 -7.2911090173 -6.9083130323 -6.8825755801 -6.8476362273 -6.7670907401 -6.1009112996 -6.0896059639 -6.0194026697 -6.0027305127 -4.9691369828 -4.8671396706 -4.7842473979 -4.6807446654 -3.1908649832 -3.1768328066 -3.1305987555 -3.1054245271 -2.7917217170 -2.7036758673 -2.6090494775 -2.5112210582 -2.3132426554 -2.2409986575 -2.2332326560 -2.1669870098 -0.7856236022 -0.7358109808 -0.6546398127 -0.5953256541 0.2418789455 0.2884313727 0.4480827140 0.4872273421 2.8016100183 2.8038826632 2.8879573716 2.8954570559 3.1470135022 3.2358952770 3.4954707589 3.5373314642 4.4223588055 4.4492819787 4.4631024961 4.4863502738 4.5380570079 4.5991143941 4.6494396201 4.6924292803 5.1207049605 5.1467617288 5.1658224402 5.2296295696 6.6834330652 6.7265495542 7.1615210441 7.2085528599 8.1581023276 8.2253557176 9.2234955210 9.2883414782 9.3062304510 9.4018136542 10.3435668005 10.4062906730 10.7470976531 10.8533767511 11.5969605187 11.7142883642 12.0156840231 12.1117709026 12.4481356328 12.5463188548 13.9056143577 13.9559805469 14.0560127718 14.0894748590 17.2592881544 17.3391642776 17.9150254543 18.0088746936 18.2176918955 18.2999179926 18.9270959074 19.0055648371 21.0415162858 21.0613323774 21.0874558030 21.1077010969 22.6484571330 22.6618672050 22.7676060306 22.7802612055 24.8287637239 24.8576425023 26.9999935129 27.0343664736 27.9866260209 27.9932386587 28.6166393266 28.6510200517 31.1418890826 31.1464839838 33.0906535210 33.1117175398 33.9144016147 33.9641868912 34.0994597392 34.1609126975 37.0236821012 37.0400820685 37.5907478106 37.6062596571 39.0618171440 39.0911809978 39.9166912243 39.9332489001 43.5112137019 43.5745177480 43.6089663892 43.6741879917 46.0063698509 46.0317961790 46.3646416226 46.3923813699 71.6279541839 71.6817687327 71.9206764040 71.9705845076
-65.3662102897 -65.3661932824 -65.3406424038 -65.3406226598 -42.0717415987 -42.0680845854 -42.0512743295 -42.0479723431 -42.0459253688 -42.0434525318 -42.0253080697 -42.0195695116 -42.0173668867 -42.0161991523 -42.0023965825 -41.9967398915 -41.9958660040 -41.9949497482 -41.9704321449 -41.9690688183 -41.2812623852 -41.2695966323 -41.2587274226 -41.2476421792 -40.6230281758 -40.6189596805 -40.6049224279 -40.6027696348 -40.5988054943 -40.5977033469 -40.5931682366 -40.5850072267 -40.5828889888 -40.5742953220 -40.5733360408 -40.5676905328 -40.5622603735 -40.5564531000 -40.5485412529 -40.5407315356 -40.5351359336 -40.5323605395 -40.5178677256 -40.5111230814 -40.5090226187 -40.5047379838 -40.4865396072 -40.4821902984 -38.7869531101 -38.7831698588 -38.7652607270 -38.7617500313 -38.7429245578 -38.7245658605 -38.7204530324 -38.7017444156 -15.3732515406 -15.3554925550 -15.1520693373 -15.1282825594 -15.0218207299 -15.0186586020 -14.8574362907 -14.8538177687 -9.6414625780 -9.5962596634 -9.5653408827 -9.5332809541 -9.3298322670 -9.1428587697 -9.1068690941 -8.9597047002 -7.9558646702 -7.8708872575 -7.8500313668 -7.8021260386 -7.6633283348 -7.4762290042 -7.3958259479 -7.3043665091 -7.1993323952 -7.1026499709 -6.9037527027 -6.8425019319 -6.1345176855 -6.0872098782 -6.0672503924 -6.0102118984 -4.9675754039 -4.8145970347 -4.7821490298 -4.6187644522 -3.2823099638 -3.2607144128 -3.1232074352 -3.0977671264 -2.7908599514 -2.7023723011 -2.4954882903 -2.4271840851 -2.3645088374 -2.3142454836 -2.2566918535 -2.2266505446 -0.7877333152 -0.7376830320 -0.4952649206 -0.4301833077 0.3410277207 0.3888450253 0.4509161193 0.4909000320 2.1746351046 2.2570947559 2.8052575256 2.8907726484 3.1505833713 3.2369045389 3.6556701718 3.6927253525 4.4316804244 4.4671309812 4.6298579002 4.6734635860 4.8713896307 4.9363632454 5.1122512542 5.1376476280 5.4499324719 5.4981551043 5.8399129660 5.8654715952 6.5090794727 6.5406593217 6.7553038377 6.7940905777 8.1645687086 8.2331259420 9.2547058493 9.3182105465 9.3355317732 9.4066792707 9.9164332507 9.9624276087 10.7099192888 10.8240172665 10.8765292720 10.9549681298 11.9747370665 12.0539257677 12.3711641187 12.4381945216 13.5234157586 13.5444847022 13.9911808857 14.0367292113 17.2543055837 17.3318333250 18.2162973960 18.2955224917 18.4514843346 18.5254908412 18.8586608045 18.9014527052 20.9857353092 21.0070894005 21.2646868725 21.2759376246 22.6342705259 22.6475457501 23.6027910855 23.6259225982 24.8252466533 24.8541212954 27.9679415151 27.9747572648 29.2471660377 29.2851625212 30.5353079129 30.5837859114 32.6244514684 32.6278145104 33.1785197055 33.1972539523 33.9964047694 34.0454773377 35.4722951064 35.5145820647 36.9788677207 36.9965595782 37.1774418490 37.2054913317 39.0039579567 39.0330475349 41.0928295569 41.1351872040 43.5019996001 43.5656165551 44.2126606329 44.2855149311 45.9745499623 46.0004746657 47.3906234009 47.4351465995 71.5815893748 71.6360121545 75.8307044050 75.9134903265
-65.3634445497 -65.3634249881 -65.3390352655 -65.3390153459 -42.0710116167 -42.0669549103 -42.0506761759 -42.0467472013 -42.0453993378 -42.0427796831 -42.0220623902 -42.0192492990 -42.0166898833 -42.0137528581 -42.0006798502 -41.9961841190 -41.9951621681 -41.9948085920 -41.9703358177 -41.9689594887 -41.2817136454 -41.2698076016 -41.2592428573 -41.2472501716 -40.6228857732 -40.6187002388 -40.6040792911 -40.6026869730 -40.5978484685 -40.5974712816 -40.5935736264 -40.5837747424 -40.5815797670 -40.5739348124 -40.5719299132 -40.5684336093 -40.5614528783 -40.5528295594 -40.5485005276 -40.5377107963 -40.5337889791 -40.5312854787 -40.5162009966 -40.5105752384 -40.5081389779 -40.5033835071 -40.4863558814 -40.4812225365 -38.7856816138 -38.7811904960 -38.7637387868 -38.7584091028 -38.7468298367 -38.7243914536 -38.7226367503 -38.7020876661 -15.3567640718 -15.3374106318 -15.1204360382 -15.0944588826 -14.9932362313 -14.9897003481 -14.8289734787 -14.8251112018 -9.4928528603 -9.4586147475 -9.4124585261 -9.3627911821 -9.3110496006 -9.0939541753 -9.0637776439 -8.8726209655 -8.0765047531 -7.9654871129 -7.8583999586 -7.8364125067 -7.7042443259 -7.5233531735 -7.4523141791 -7.3692379039 -7.3337926071 -7.2601106369 -7.1674748855 -7.1149596022 -6.1405268615 -6.1007063316 -5.9925004033 -5.9145546290 -4.9608325889 -4.7996783662 -4.7730418537 -4.5981960260 -3.3343646240 -3.3066450982 -3.1366315686 -3.1082054740 -2.7364677904 -2.6498996869 -2.6170533530 -2.5396394838 -2.4527507813 -2.3687311904 -2.2721926844 -2.1627420804 -0.6472890000 -0.5929519365 -0.4053716630 -0.3379821120 0.5441356058 0.5942577701 0.8876821358 0.9233028949 1.7027295801 1.7818930720 2.4479636303 2.5433591290 3.6575278097 3.7024570856 3.7946914906 3.8373127455 4.7528088876 4.7868853924 4.9930814711 5.0374724283 5.3324420064 5.3627624061 5.7033446612 5.7207219961 6.1190917137 6.1332569615 6.3532717501 6.4106851979 6.6561197398 6.6754735197 6.8879679818 6.9206797831 8.4072972476 8.4913344986 8.6667881411 8.6916834034 8.9622840787 9.0781892156 9.2867753713 9.3170732578 10.0985990785 10.2328383116 10.4320006137 10.5980206363 11.6727108425 11.7440776618 12.0784133707 12.1950279328 13.4945840036 13.5108787221 14.7601981191 14.8047302378 17.7401007665 17.8769464249 18.6276775602 18.7061477914 18.8565554796 18.8958699166 19.0640000411 19.1830799314 21.1665693410 21.1935893750 21.7474143710 21.7704521729 23.0485651457 23.0564307093 23.9946846409 24.0224632578 25.7321349504 25.7613642689 29.6213150964 29.6263311408 29.8950182361 29.9255474746 31.5240020269 31.5620093830 34.0939337539 34.1000563077 34.3183997816 34.3204444826 34.7628677443 34.7953450067 36.0452775444 36.0740221662 36.9562310728 37.0104961450 37.2567204987 37.2934000886 39.3044197913 39.3202722481 41.6362951076 41.7130736818 43.8226687620 43.8935386722 44.6066628431 44.6742023625 47.1728420201 47.2020343965 48.1442058997 48.2083368490 74.1478151414 74.2207146853 78.1177346884 78.2283123873
