-48.4953197705 -48.4953197705 -48.4945034672 -48.4945034672 -48.2124278241 -48.2124278241 -48.2117391927 -48.2117391927 -48.2022715075 -48.2022715075 -48.2012942275 -48.2012942275 -18.0188524468 -18.0188524468 -17.9504452513 -17.9504452513 -17.4907584306 -17.4907584306 -17.3992368938 -17.3992368938 -9.4497416271 -9.4497416271 -9.0582072976 -9.0582072976 -7.3757748254 -7.3757748254 -6.9430802264 -6.9430802264 -6.6541213639 -6.6541213639 -6.5970464097 -6.5970464097 -6.2303775612 -6.2303775612 -5.9488357599 -5.9488357599 -5.9038848690 -5.9038848690 -5.8981808973 -5.8981808972 -5.7272361035 -5.7272361035 -5.6578642032 -5.6578642032 -1.9510483954 -1.9510483954 -1.4080290985 -1.4080290985 -0.9915687059 -0.9915687059 -0.9243132003 -0.9243132003 0.7741174380 0.7741174380 0.7846866407 0.7846866407 0.8010465706 0.8010465706 0.8124792709 0.8124792709 1.8627918541 1.8627918541 2.0159386669 2.0159386669 2.5024797558 2.5024797558 2.5289177281 2.5289177281 2.5421783516 2.5421783516 2.5644379287 2.5644379287 2.8688963605 2.8688963605 3.6667672431 3.6667672431 4.2194011401 4.2194011401 4.8200230599 4.8200230599 4.8495906307 4.8495906307 4.9868473506 4.9868473506 5.0389586288 5.0389586288 6.3095886618 6.3095886618 6.3231760604 6.3231760604 6.5270638880 6.5270638880 6.5483058159 6.5483058159 9.5646424400 9.5646424400 9.9069056082 9.9069056082 10.1802859979 10.1802859979 10.9584405912 10.9584405912 11.2878534976 11.2878534976 11.4145658901 11.4145658901 11.7369579995 11.7369579995 11.8734108839 11.8734108840 13.3044443115 13.3044443115 14.1837995519 14.1837995519 14.5617096048 14.5617096048 15.3285605982 15.3285605982 15.6329593779 15.6329593779 16.2959511850 16.2959511850 16.4291896607 16.4291896607 18.3662891853 18.3662891853 18.4980662424 18.4980662424 19.2760274525 19.2760274525 19.4029576425 19.4029576426 19.8629991041 19.8629991041 20.5202973262 20.5202973262 21.1253689783 21.1253689783 21.1721582701 21.1721582701 21.8097586412 21.8097586412 21.8819075433 21.8819075433 21.9652879538 21.9652879538 22.1091395847 22.1091395847 22.3487002118 22.3487002118 22.3651066230 22.3651066230 22.7316024910 22.7316024912 22.8300870635 22.8300870636 23.7878825238 23.7878825238 23.9222868567 23.9222868567 24.2915844875 24.2915844875 25.9084923357 25.9084923357 27.5844100994 27.5844100994 28.6229746644 28.6229746644 46.6283074538 46.6283074538 48.2256063125 48.2256063125 51.2089276915 51.2089276915 51.3728372770 51.3728372770 53.6268659338 53.6268659339 54.0721180054 54.0721180054 54.1978949511 54.1978949513 54.6511343085 54.6511343087
-48.4953543190 -48.4952950446 -48.4947309476 -48.4944390972 -48.2124500539 -48.2123729730 -48.2119021743 -48.2116616580 -48.2023330504 -48.2022792010 -48.2014868807 -48.2013791627 -17.9944239858 -17.9944190063 -17.9264027101 -17.9264023096 -17.4730679901 -17.4730671525 -17.3826245505 -17.3826170899 -9.4210093238 -9.4203647460 -9.0418666474 -9.0413998593 -7.4102779771 -7.4089964176 -7.0295647281 -7.0249069060 -6.7564530620 -6.7556710262 -6.7056329997 -6.6983099592 -6.3404833096 -6.3374441687 -6.1114684655 -6.1110425207 -5.9969740859 -5.9936153530 -5.9380033869 -5.9308368190 -5.8157569173 -5.8109141630 -5.7554505317 -5.7524656799 -1.7565150021 -1.7563847648 -1.2638503830 -1.2636319256 -0.7811442504 -0.7810950352 -0.7112849473 -0.7112778300 0.5683234760 0.5684112230 0.6579321487 0.6582934824 0.8876444279 0.8881703325 0.8942849477 0.8944355610 1.9674286109 1.9674767670 1.9955115991 1.9959824918 2.1331764234 2.1334002228 2.3851586242 2.3867872725 2.6386383669 2.6399247024 2.6652416533 2.6655642986 2.9982947590 2.9983642939 3.6090781429 3.6093468023 4.1054951965 4.1059454156 4.6241917522 4.6249152306 4.7348493327 4.7366662226 4.8683752702 4.8703361230 4.9120261008 4.9126251036 6.4394256655 6.4399957554 6.4776600291 6.4784952974 6.7185308971 6.7187393192 6.8545168631 6.8554266619 9.6601189175 9.6613715499 10.0394111843 10.0417107219 10.1496990139 10.1500711987 10.7002779232 10.7010263284 11.4220379954 11.4233437233 11.6301457357 11.6335404791 11.8945289589 11.8977821750 12.3381267034 12.3401480024 13.4304558484 13.4357355630 14.2509139675 14.2531737404 14.6214291392 14.6219508182 15.3268718356 15.3281156414 15.6105197018 15.6108457023 16.3557450314 16.3560858365 16.4093435773 16.4094631263 18.0521588943 18.0533772087 18.2587873046 18.2591485232 18.7789709986 18.7800113447 19.1394781260 19.1401159123 19.5760923045 19.5802563724 20.2155071796 20.2202432269 20.6844234779 20.7035774802 20.7745854792 20.7804452341 21.2397809296 21.2420466882 21.5516112837 21.5532642184 21.7713416314 21.7768434752 21.8069390455 21.8146291074 21.8920123518 21.9000026605 21.9575863834 21.9606543419 22.4831880630 22.4855999830 22.5900819561 22.5906357394 23.7595890257 23.7650610129 23.8600144573 23.8641046877 24.3977167062 24.3985170382 26.0176881461 26.0206028211 27.5217816682 27.5223897756 28.3816869315 28.3822664175 46.0029093053 46.0036586720 47.7119565441 47.7156505603 49.7101682135 49.7224619776 50.1311988979 50.1340585962 50.9047116871 50.9051254421 51.2438144416 51.2490331502 51.7622273898 51.7650558957 51.9759169603 51.9849162547
-48.4953543190 -48.4952950446 -48.4947309476 -48.4944390972 -48.2124500539 -48.2123729730 -48.2119021743 -48.2116616580 -48.2023330504 -48.2022792010 -48.2014868807 -48.2013791627 -17.9944239858 -17.9944190063 -17.9264027101 -17.9264023096 -17.4730679901 -17.4730671525 -17.3826245505 -17.3826170899 -9.4210093238 -9.4203647460 -9.0418666474 -9.0413998593 -7.4102779771 -7.4089964176 -7.0295647281 -7.0249069060 -6.7564530620 -6.7556710262 -6.7056329997 -6.6983099592 -6.3404833096 -6.3374441687 -6.1114684655 -6.1110425207 -5.9969740859 -5.9936153530 -5.9380033869 -5.9308368190 -5.8157569173 -5.8109141630 -5.7554505317 -5.7524656799 -1.7565150021 -1.7563847648 -1.2638503830 -1.2636319256 -0.7811442504 -0.7810950352 -0.7112849473 -0.7112778300 0.5683234760 0.5684112230 0.6579321487 0.6582934824 0.8876444279 0.8881703325 0.8942849477 0.8944355610 1.9674286109 1.9674767670 1.9955115991 1.9959824918 2.1331764234 2.1334002228 2.3851586242 2.3867872725 2.6386383669 2.6399247024 2.6652416533 2.6655642986 2.9982947590 2.9983642939 3.6090781430 3.6093468023 4.1054951965 4.1059454156 4.6241917522 4.6249152306 4.7348493328 4.7366662227 4.8683752702 4.8703361230 4.9120261008 4.9126251036 6.4394256655 6.4399957554 6.4776600291 6.4784952973 6.7185308971 6.7187393192 6.8545168631 6.8554266619 9.6601189175 9.6613715499 10.0394111843 10.0417107219 10.1496990141 10.1500711988 10.7002779233 10.7010263285 11.4220379954 11.4233437233 11.6301457357 11.6335404792 11.8945289589 11.8977821751 12.3381267035 12.3401480025 13.4304558482 13.4357355628 14.2509139675 14.2531737404 14.6214291392 14.6219508182 15.3268718356 15.3281156413 15.6105197018 15.6108457023 16.3557450314 16.3560858365 16.4093435774 16.4094631264 18.0521588943 18.0533772087 18.2587873046 18.2591485232 18.7789709987 18.7800113449 19.1394781259 19.1401159122 19.5760923046 19.5802563725 20.2155071795 20.2202432269 20.6844234778 20.7035774801 20.7745854792 20.7804452341 21.2397809297 21.2420466883 21.5516112840 21.5532642186 21.7713416314 21.7768434752 21.8069390455 21.8146291075 21.8920123516 21.9000026604 21.9575863834 21.9606543420 22.4831880631 22.4855999831 22.5900819563 22.5906357395 23.7595890256 23.7650610128 23.8600144572 23.8641046876 24.3977167061 24.3985170381 26.0176881458 26.0206028209 27.5217816683 27.5223897757 28.3816869312 28.3822664172 46.0029093007 46.0036586676 47.7119565417 47.7156505579 49.7101682142 49.7224619783 50.1311988972 50.1340585951 50.9047116879 50.9051254435 51.2438144406 51.2490331493 51.7622273894 51.7650558953 51.9759169605 51.9849162548
-48.4953538416 -48.4952964763 -48.4947307940 -48.4944400779 -48.2124321259 -48.2123929228 -48.2119001515 -48.2116858316 -48.2023303211 -48.2022587830 -48.2014848230 -48.2013794818 -17.9944236082 -17.9944186330 -17.9264018594 -17.9264014643 -17.4730677210 -17.4730668562 -17.3826231897 -17.3826157370 -9.4210093283 -9.4203641267 -9.0418655801 -9.0413995440 -7.4102778803 -7.4089961682 -7.0295640529 -7.0249063010 -6.7564526160 -6.7556696024 -6.7056314494 -6.6983075349 -6.3404808744 -6.3374443728 -6.1114672162 -6.1110447657 -5.9969773356 -5.9936178196 -5.9379999368 -5.9308294305 -5.8157602478 -5.8109155460 -5.7554635301 -5.7524786982 -1.7565155125 -1.7563858816 -1.2638518058 -1.2636325202 -0.7811448054 -0.7810954669 -0.7112846363 -0.7112774308 0.5683804324 0.5684682996 0.6579891206 0.6583513688 0.8875800703 0.8881072973 0.8942252354 0.8943782960 1.9674333671 1.9674813283 1.9955133509 1.9959840321 2.1331831824 2.1334069837 2.3851660900 2.3867938238 2.6386313265 2.6399174336 2.6652363225 2.6655586735 2.9983002076 2.9983698326 3.6090808077 3.6093503337 4.1054960386 4.1059469417 4.6241896018 4.6249132760 4.7348490107 4.7366675174 4.8683724170 4.8703317700 4.9120227676 4.9126223936 6.4394092636 6.4399790800 6.4776728899 6.4785064886 6.7185159577 6.7187226581 6.8545477764 6.8554602164 9.6601154100 9.6613683438 10.0394123298 10.0417117755 10.1497083482 10.1500783462 10.7002880062 10.7010399975 11.4219702729 11.4232776370 11.6301760306 11.6335682069 11.8944907412 11.8977374330 12.3381822635 12.3402034930 13.4304483106 13.4357278160 14.2509366562 14.2531970331 14.6214194832 14.6219394404 15.3268625652 15.3281029784 15.6105310913 15.6108512193 16.3557417601 16.3560861616 16.4093400120 16.4094612966 18.0521617050 18.0533808501 18.2587947591 18.2591565563 18.7789370651 18.7799788108 19.1395168512 19.1401577688 19.5760761545 19.5802412059 20.2154929208 20.2202313910 20.6844272111 20.7035857672 20.7745762611 20.7804331746 21.2397725089 21.2420429819 21.5516035505 21.5532635875 21.7713762045 21.7768772188 21.8069661270 21.8146597249 21.8920054379 21.9000004296 21.9575803021 21.9606528259 22.4832078118 22.4856049324 22.5900592990 22.5906099078 23.7595739298 23.7650406786 23.8599858624 23.8640715439 24.3977505670 24.3985536303 26.0176774218 26.0205926296 27.5217897708 27.5223944413 28.3816977845 28.3822803103 46.0028369576 46.0036115142 47.7118088364 47.7154688508 49.7099184811 49.7222516798 50.1307981367 50.1335486831 50.9050829645 50.9055668413 51.2444096081 51.2496432134 51.7621948282 51.7650873955 51.9759493133 51.9849783295
-48.4953538416 -48.4952964763 -48.4947307940 -48.4944400779 -48.2124321259 -48.2123929228 -48.2119001515 -48.2116858316 -48.2023303211 -48.2022587830 -48.2014848229 -48.2013794818 -17.9944236082 -17.9944186330 -17.9264018594 -17.9264014643 -17.4730677210 -17.4730668562 -17.3826231897 -17.3826157370 -9.4210093283 -9.4203641267 -9.0418655801 -9.0413995440 -7.4102778803 -7.4089961682 -7.0295640529 -7.0249063010 -6.7564526160 -6.7556696024 -6.7056314494 -6.6983075349 -6.3404808744 -6.3374443728 -6.1114672162 -6.1110447657 -5.9969773356 -5.9936178196 -5.9379999368 -5.9308294305 -5.8157602478 -5.8109155460 -5.7554635301 -5.7524786982 -1.7565155125 -1.7563858816 -1.2638518058 -1.2636325202 -0.7811448054 -0.7810954669 -0.7112846363 -0.7112774308 0.5683804324 0.5684682996 0.6579891206 0.6583513688 0.8875800703 0.8881072973 0.8942252354 0.8943782960 1.9674333671 1.9674813283 1.9955133509 1.9959840321 2.1331831824 2.1334069837 2.3851660900 2.3867938238 2.6386313265 2.6399174336 2.6652363225 2.6655586735 2.9983002076 2.9983698326 3.6090808077 3.6093503337 4.1054960386 4.1059469417 4.6241896018 4.6249132760 4.7348490107 4.7366675174 4.8683724170 4.8703317699 4.9120227676 4.9126223936 6.4394092636 6.4399790800 6.4776728899 6.4785064886 6.7185159577 6.7187226581 6.8545477764 6.8554602164 9.6601154100 9.6613683438 10.0394123296 10.0417117753 10.1497083483 10.1500783463 10.7002880060 10.7010399972 11.4219702729 11.4232776370 11.6301760305 11.6335682068 11.8944907412 11.8977374330 12.3381822637 12.3402034932 13.4304483102 13.4357278156 14.2509366562 14.2531970332 14.6214194832 14.6219394404 15.3268625652 15.3281029784 15.6105310913 15.6108512193 16.3557417600 16.3560861616 16.4093400118 16.4094612965 18.0521617049 18.0533808501 18.2587947590 18.2591565562 18.7789370651 18.7799788108 19.1395168512 19.1401577688 19.5760761544 19.5802412059 20.2154929208 20.2202313910 20.6844272108 20.7035857670 20.7745762612 20.7804331746 21.2397725089 21.2420429819 21.5516035504 21.5532635874 21.7713762045 21.7768772188 21.8069661270 21.8146597248 21.8920054379 21.9000004296 21.9575803020 21.9606528258 22.4832078116 22.4856049322 22.5900592987 22.5906099075 23.7595739298 23.7650406785 23.8599858624 23.8640715438 24.3977505670 24.3985536303 26.0176774216 26.0205926294 27.5217897707 27.5223944412 28.3816977842 28.3822803100 46.0028369585 46.0036115151 47.7118088340 47.7154688480 49.7099184799 49.7222516783 50.1307981383 50.1335486847 50.9050829653 50.9055668412 51.2444096095 51.2496432143 51.7621948280 51.7650873954 51.9759493121 51.9849783282
-48.4953544966 -48.4952920775 -48.4947299698 -48.4944383016 -48.2124254634 -48.2123753231 -48.2118449498 -48.2116414677 -48.2023531459 -48.2023247812 -48.2014955585 -48.2014056691 -17.9944228774 -17.9944178010 -17.9264001370 -17.9263999076 -17.4730659599 -17.4730651883 -17.3826219068 -17.3826144294 -9.4210012959 -9.4203500868 -9.0418494960 -9.0413850660 -7.4102836689 -7.4090174532 -7.0295975330 -7.0249465236 -6.7563936303 -6.7556075374 -6.7055623005 -6.6982455083 -6.3406103497 -6.3375693391 -6.1115276054 -6.1111360857 -5.9971181987 -5.9936906964 -5.9382013785 -5.9309802364 -5.8156388973 -5.8108285427 -5.7551775160 -5.7521873871 -1.7566667712 -1.7565376449 -1.2640640020 -1.2638433735 -0.7812829995 -0.7812284177 -0.7114087490 -0.7114084811 0.5627198709 0.5627382809 0.6518748875 0.6522916773 0.8945825281 0.8951556932 0.9013268850 0.9014568830 1.9672613294 1.9672908789 1.9960378860 1.9965663109 2.1373939208 2.1374008105 2.3902112965 2.3923432324 2.6323335653 2.6341165049 2.6591366299 2.6594884274 3.0008582036 3.0008905132 3.6097374393 3.6101337896 4.1061005485 4.1065578878 4.6261909680 4.6270421989 4.7315963272 4.7334632595 4.8676594115 4.8697336410 4.9117117164 4.9120179147 6.4397202737 6.4402479865 6.4772722312 6.4779956359 6.7193835954 6.7194899451 6.8522988767 6.8532121313 9.6605467977 9.6618002352 10.0398032275 10.0420781708 10.1486193868 10.1490169896 10.6978210453 10.6985584989 11.4383743546 11.4397359091 11.6216798429 11.6244478114 11.9068550949 11.9095724879 12.3243265511 12.3263119854 13.4292215524 13.4345266462 14.2508206276 14.2530759722 14.6217040420 14.6223284094 15.3268257401 15.3281549648 15.6106812102 15.6109456712 16.3557891849 16.3561280051 16.4093924080 16.4095068285 18.0503966784 18.0516030536 18.2605802966 18.2609302377 18.7792236865 18.7802604224 19.1397531727 19.1403864251 19.5757475095 19.5798801153 20.2158553431 20.2205414980 20.6848644743 20.7039102097 20.7759156312 20.7816057649 21.2393331084 21.2416099550 21.5537390049 21.5553987744 21.7692716876 21.7743892416 21.8046380228 21.8125836131 21.8925390323 21.9005130400 21.9593025697 21.9623943585 22.4821072570 22.4846822905 22.5899026310 22.5904377228 23.7593066832 23.7647496465 23.8602288709 23.8642386713 24.3969804256 24.3977806491 26.0180405943 26.0209549432 27.5218872874 27.5224913672 28.3817332974 28.3823118970 46.0039427664 46.0046749859 47.7117113319 47.7153643172 49.7027654140 49.7147995305 50.1250048547 50.1275274275 50.9209959681 50.9214050765 51.2608314647 51.2656344373 51.7632574630 51.7661150825 51.9766240271 51.9858467504
-48.4953544966 -48.4952920775 -48.4947299698 -48.4944383016 -48.2124254634 -48.2123753231 -48.2118449498 -48.2116414677 -48.2023531459 -48.2023247812 -48.2014955585 -48.2014056691 -17.9944228774 -17.9944178010 -17.9264001370 -17.9263999076 -17.4730659599 -17.4730651883 -17.3826219068 -17.3826144294 -9.4210012959 -9.4203500868 -9.0418494960 -9.0413850660 -7.4102836689 -7.4090174532 -7.0295975330 -7.0249465236 -6.7563936303 -6.7556075374 -6.7055623005 -6.6982455083 -6.3406103497 -6.3375693391 -6.1115276054 -6.1111360857 -5.9971181987 -5.9936906964 -5.9382013785 -5.9309802364 -5.8156388973 -5.8108285427 -5.7551775160 -5.7521873871 -1.7566667712 -1.7565376449 -1.2640640020 -1.2638433735 -0.7812829995 -0.7812284177 -0.7114087490 -0.7114084811 0.5627198709 0.5627382809 0.6518748875 0.6522916773 0.8945825281 0.8951556932 0.9013268850 0.9014568830 1.9672613294 1.9672908789 1.9960378860 1.9965663109 2.1373939208 2.1374008105 2.3902112965 2.3923432324 2.6323335653 2.6341165049 2.6591366299 2.6594884274 3.0008582036 3.0008905133 3.6097374393 3.6101337896 4.1061005485 4.1065578878 4.6261909680 4.6270421989 4.7315963272 4.7334632595 4.8676594115 4.8697336410 4.9117117164 4.9120179146 6.4397202737 6.4402479865 6.4772722312 6.4779956358 6.7193835954 6.7194899451 6.8522988767 6.8532121313 9.6605467976 9.6618002351 10.0398032274 10.0420781707 10.1486193867 10.1490169895 10.6978210452 10.6985584988 11.4383743545 11.4397359091 11.6216798428 11.6244478113 11.9068550948 11.9095724878 12.3243265511 12.3263119854 13.4292215526 13.4345266463 14.2508206275 14.2530759722 14.6217040420 14.6223284093 15.3268257401 15.3281549648 15.6106812101 15.6109456712 16.3557891849 16.3561280051 16.4093924082 16.4095068287 18.0503966783 18.0516030535 18.2605802966 18.2609302376 18.7792236866 18.7802604225 19.1397531728 19.1403864252 19.5757475099 19.5798801157 20.2158553431 20.2205414980 20.6848644744 20.7039102099 20.7759156312 20.7816057649 21.2393331079 21.2416099545 21.5537390047 21.5553987742 21.7692716876 21.7743892415 21.8046380228 21.8125836131 21.8925390322 21.9005130399 21.9593025697 21.9623943585 22.4821072569 22.4846822903 22.5899026309 22.5904377227 23.7593066830 23.7647496463 23.8602288707 23.8642386711 24.3969804257 24.3977806492 26.0180405944 26.0209549433 27.5218872873 27.5224913671 28.3817332973 28.3823118969 46.0039427625 46.0046749821 47.7117113300 47.7153643149 49.7027654125 49.7147995287 50.1250048573 50.1275274300 50.9209959691 50.9214050780 51.2608314648 51.2656344371 51.7632574625 51.7661150820 51.9766240267 51.9858467498
-48.4954479971 -48.4953330275 -48.4949461175 -48.4944595748 -48.2124770801 -48.2123629032 -48.2120552183 -48.2116781166 -48.2024432273 -48.2022938756 -48.2018018691 -48.2015871572 -17.9462117957 -17.9461987666 -17.8796261022 -17.8796219225 -17.4392226304 -17.4392183192 -17.3511223289 -17.3511090996 -9.3666605357 -9.3654272041 -9.0148899024 -9.0140502877 -7.5100980192 -7.5076970011 -7.2392653373 -7.2339046961 -6.9490410312 -6.9399958967 -6.8968437180 -6.8815953684 -6.5192586146 -6.5114554421 -6.2990601067 -6.2867404227 -6.1919841811 -6.1801583735 -6.1072390042 -6.0932370255 -5.9252035010 -5.9159652464 -5.8066940559 -5.8062069098 -1.4731635969 -1.4723636949 -1.0996488960 -1.0989095456 -0.4885561708 -0.4882332868 -0.3885593903 -0.3880415415 0.3419249984 0.3427634346 0.5433585595 0.5440692089 1.0505076598 1.0516512754 1.0713395065 1.0729130613 1.6302061030 1.6308558544 1.8639797857 1.8640487652 2.1704059579 2.1717058945 2.3721829914 2.3730356266 2.8331876892 2.8385179916 2.8650086949 2.8682883790 2.9204623955 2.9227831758 3.3933845508 3.3942341263 3.8588049276 3.8591700140 4.4210279170 4.4222587617 4.6419585631 4.6448020412 4.7785829439 4.7836675863 4.8245341190 4.8282946205 6.6098611837 6.6112119318 6.7165549038 6.7175039946 6.9522277292 6.9539610848 7.2737474220 7.2767634282 9.8014465269 9.8027522619 10.1367955486 10.1382579913 10.2208224573 10.2243157229 10.5200033495 10.5223554798 11.5451668083 11.5492838316 11.9664704729 11.9795226895 12.0953780323 12.1050458368 12.8599178493 12.8674405317 13.6615916933 13.6682401602 14.3371598130 14.3533950476 14.7446782005 14.7608014100 15.3345344544 15.3501214122 15.5682017456 15.5783402047 16.3380595927 16.3397217374 16.4387252572 16.4405652987 17.4867723274 17.4905965561 17.9182695745 17.9345991120 18.0835578364 18.0994549933 18.7827628005 18.7899556279 19.0110647230 19.0192225065 19.7463652901 19.7560367554 19.8673650175 19.8911987082 20.1076201567 20.1387290799 20.5117245532 20.6087799767 20.6297737331 20.7241455256 20.8977510375 20.9028023664 21.3491363491 21.3685481973 21.5197539432 21.5396681975 21.7357131247 21.7414233462 22.2216013527 22.2322839630 22.4549124766 22.4684144173 23.1015714756 23.1174595421 24.0471047187 24.0503316188 24.3955006849 24.3988026095 25.9234802624 25.9270540824 27.2198074729 27.2207982529 27.8414183358 27.8419332089 43.6466646246 43.6577929668 43.7745176091 43.7808418200 45.9046937811 45.9239908072 46.3923299346 46.4170942495 46.7131650240 46.7211131818 48.2870426138 48.3069851222 52.4352210538 52.4353939333 52.6452642041 52.6458642915
-48.4954479971 -48.4953330275 -48.4949461175 -48.4944595748 -48.2124770801 -48.2123629032 -48.2120552183 -48.2116781166 -48.2024432273 -48.2022938756 -48.2018018691 -48.2015871572 -17.9462117957 -17.9461987666 -17.8796261022 -17.8796219225 -17.4392226304 -17.4392183192 -17.3511223289 -17.3511090996 -9.3666605357 -9.3654272041 -9.0148899024 -9.0140502877 -7.5100980192 -7.5076970011 -7.2392653373 -7.2339046961 -6.9490410312 -6.9399958967 -6.8968437180 -6.8815953684 -6.5192586146 -6.5114554421 -6.2990601067 -6.2867404227 -6.1919841811 -6.1801583735 -6.1072390042 -6.0932370254 -5.9252035010 -5.9159652464 -5.8066940559 -5.8062069098 -1.4731635969 -1.4723636949 -1.0996488960 -1.0989095456 -0.4885561708 -0.4882332868 -0.3885593903 -0.3880415415 0.3419249984 0.3427634346 0.5433585595 0.5440692089 1.0505076598 1.0516512754 1.0713395065 1.0729130613 1.6302061031 1.6308558544 1.8639797857 1.8640487652 2.1704059579 2.1717058945 2.3721829914 2.3730356266 2.8331876892 2.8385179916 2.8650086949 2.8682883790 2.9204623955 2.9227831758 3.3933845508 3.3942341262 3.8588049276 3.8591700140 4.4210279170 4.4222587618 4.6419585631 4.6448020412 4.7785829439 4.7836675863 4.8245341189 4.8282946204 6.6098611837 6.6112119318 6.7165549037 6.7175039946 6.9522277292 6.9539610848 7.2737474221 7.2767634282 9.8014465270 9.8027522619 10.1367955485 10.1382579913 10.2208224573 10.2243157229 10.5200033495 10.5223554798 11.5451668083 11.5492838316 11.9664704729 11.9795226895 12.0953780321 12.1050458365 12.8599178493 12.8674405317 13.6615916934 13.6682401602 14.3371598130 14.3533950475 14.7446782005 14.7608014100 15.3345344544 15.3501214122 15.5682017456 15.5783402047 16.3380595928 16.3397217374 16.4387252573 16.4405652987 17.4867723274 17.4905965562 17.9182695744 17.9345991120 18.0835578365 18.0994549934 18.7827628005 18.7899556279 19.0110647235 19.0192225069 19.7463652901 19.7560367553 19.8673650172 19.8911987079 20.1076201568 20.1387290799 20.5117245534 20.6087799768 20.6297737332 20.7241455256 20.8977510374 20.9028023663 21.3491363494 21.3685481977 21.5197539431 21.5396681974 21.7357131247 21.7414233462 22.2216013531 22.2322839634 22.4549124766 22.4684144174 23.1015714759 23.1174595424 24.0471047187 24.0503316188 24.3955006849 24.3988026095 25.9234802626 25.9270540825 27.2198074733 27.2207982533 27.8414183352 27.8419332083 43.6466646230 43.6577929644 43.7745176058 43.7808418171 45.9046937760 45.9239908013 46.3923299346 46.4170942486 46.7131650237 46.7211131818 48.2870426068 48.3069851154 52.4352210542 52.4353939337 52.6452642050 52.6458642924
-48.4954495470 -48.4953279144 -48.4949390355 -48.4944550260 -48.2124721095 -48.2123949180 -48.2118597890 -48.2115342902 -48.2025005413 -48.2024305018 -48.2018798152 -48.2016331014 -17.9462146883 -17.9462015084 -17.8796204178 -17.8796161449 -17.4392170034 -17.4392127503 -17.3511144962 -17.3511013129 -9.3666384422 -9.3653991017 -9.0148281637 -9.0139893999 -7.5101808363 -7.5077847653 -7.2393809098 -7.2340137705 -6.9489651221 -6.9398585440 -6.8967179008 -6.8814785022 -6.5194788209 -6.5116080323 -6.2990917828 -6.2867914320 -6.1920371482 -6.1802336045 -6.1073902196 -6.0934280640 -5.9250269174 -5.9157674490 -5.8064390965 -5.8059736496 -1.4735310157 -1.4727352634 -1.1003440962 -1.0996065700 -0.4895023997 -0.4891766671 -0.3892894999 -0.3887682861 0.3377730909 0.3386296087 0.5389365472 0.5396358932 1.0581290092 1.0593009683 1.0791516053 1.0807240961 1.6331890918 1.6338366059 1.8678826585 1.8679656748 2.1705055683 2.1718080901 2.3748652982 2.3758021246 2.8273847654 2.8328512734 2.8586321623 2.8623159482 2.9230662946 2.9249366454 3.3950313408 3.3960094908 3.8606441208 3.8610001799 4.4218792944 4.4231290827 4.6384116998 4.6412368399 4.7752867762 4.7794492024 4.8256225248 4.8285489724 6.6097695435 6.6111660463 6.7149935106 6.7160730341 6.9527798070 6.9545110969 7.2711750321 7.2741865009 9.8017559328 9.8030589248 10.1351223938 10.1365778033 10.2218077148 10.2252837907 10.5177836439 10.5201381186 11.5635739389 11.5676405780 11.9777309188 11.9921036729 12.0887639975 12.0996836496 12.8489012817 12.8563630273 13.6582949448 13.6649613362 14.3379228781 14.3542137322 14.7441591644 14.7605523665 15.3350006774 15.3497497661 15.5689408651 15.5783463411 16.3382263592 16.3398916969 16.4383580109 16.4401720925 17.4841019976 17.4878173220 17.9208488827 17.9371338804 18.0851853771 18.1011193804 18.7807273034 18.7878454845 19.0110204362 19.0192186852 19.7467004050 19.7563751628 19.8708695363 19.8957484732 20.1046411442 20.1362875838 20.5109251926 20.6107505604 20.6257146000 20.7222343544 20.9011585521 20.9059305510 21.3501626463 21.3699128787 21.5169372405 21.5373967062 21.7345776708 21.7402977658 22.2267911076 22.2374228671 22.4513852033 22.4649591820 23.0983646011 23.1142943154 24.0540064528 24.0574192726 24.3954335095 24.3987741217 25.9222199663 25.9257679179 27.2212379113 27.2222011302 27.8414325289 27.8419552421 43.6561275993 43.6667043633 43.7874965787 43.7941424082 45.9045606193 45.9225359421 46.3965981118 46.4192665505 46.7149583347 46.7230975422 48.2933565010 48.3137909653 52.4361320157 52.4362979056 52.6463243343 52.6469164675
-48.4954495470 -48.4953279144 -48.4949390355 -48.4944550260 -48.2124721095 -48.2123949180 -48.2118597890 -48.2115342902 -48.2025005413 -48.2024305018 -48.2018798152 -48.2016331014 -17.9462146883 -17.9462015084 -17.8796204178 -17.8796161449 -17.4392170034 -17.4392127503 -17.3511144962 -17.3511013129 -9.3666384422 -9.3653991017 -9.0148281637 -9.0139893999 -7.5101808363 -7.5077847653 -7.2393809098 -7.2340137705 -6.9489651221 -6.9398585440 -6.8967179008 -6.8814785022 -6.5194788209 -6.5116080323 -6.2990917828 -6.2867914320 -6.1920371482 -6.1802336045 -6.1073902196 -6.0934280640 -5.9250269174 -5.9157674490 -5.8064390965 -5.8059736496 -1.4735310157 -1.4727352634 -1.1003440962 -1.0996065700 -0.4895023997 -0.4891766671 -0.3892894999 -0.3887682861 0.3377730909 0.3386296087 0.5389365472 0.5396358932 1.0581290092 1.0593009683 1.0791516053 1.0807240961 1.6331890918 1.6338366059 1.8678826585 1.8679656748 2.1705055683 2.1718080901 2.3748652982 2.3758021246 2.8273847654 2.8328512734 2.8586321623 2.8623159482 2.9230662946 2.9249366454 3.3950313408 3.3960094908 3.8606441208 3.8610001799 4.4218792943 4.4231290827 4.6384116998 4.6412368399 4.7752867762 4.7794492024 4.8256225248 4.8285489724 6.6097695435 6.6111660463 6.7149935106 6.7160730341 6.9527798070 6.9545110969 7.2711750320 7.2741865009 9.8017559329 9.8030589249 10.1351223939 10.1365778034 10.2218077148 10.2252837906 10.5177836439 10.5201381186 11.5635739389 11.5676405780 11.9777309188 11.9921036729 12.0887639975 12.0996836497 12.8489012816 12.8563630272 13.6582949453 13.6649613367 14.3379228781 14.3542137323 14.7441591644 14.7605523665 15.3350006773 15.3497497661 15.5689408650 15.5783463411 16.3382263592 16.3398916969 16.4383580108 16.4401720924 17.4841019977 17.4878173222 17.9208488826 17.9371338804 18.0851853766 18.1011193799 18.7807273033 18.7878454844 19.0110204362 19.0192186852 19.7467004048 19.7563751627 19.8708695360 19.8957484729 20.1046411442 20.1362875837 20.5109251934 20.6107505616 20.6257146001 20.7222343548 20.9011585521 20.9059305510 21.3501626469 21.3699128795 21.5169372405 21.5373967064 21.7345776708 21.7402977658 22.2267911080 22.2374228675 22.4513852033 22.4649591821 23.0983646016 23.1142943159 24.0540064526 24.0574192724 24.3954335095 24.3987741217 25.9222199664 25.9257679179 27.2212379116 27.2222011305 27.8414325290 27.8419552422 43.6561275972 43.6667043603 43.7874965831 43.7941424130 45.9045606202 45.9225359425 46.3965981123 46.4192665501 46.7149583349 46.7230975425 48.2933564943 48.3137909584 52.4361320162 52.4362979062 52.6463243340 52.6469164672
-48.4954494649 -48.4953295906 -48.4949399902 -48.4944569007 -48.2124570733 -48.2124064710 -48.2118762048 -48.2115871422 -48.2024892072 -48.2023902509 -48.2018807260 -48.2016150752 -17.9462135488 -17.9462003799 -17.8796188479 -17.8796146020 -17.4392157080 -17.4392114703 -17.3511133456 -17.3511001832 -9.3666389039 -9.3653986428 -9.0148260925 -9.0139878473 -7.5101794330 -7.5077824555 -7.2393799558 -7.2340134358 -6.9489593306 -6.9398551715 -6.8967156003 -6.8814728069 -6.5194782450 -6.5116124556 -6.2990985640 -6.2867917369 -6.1920395655 -6.1802366690 -6.1073909634 -6.0934215526 -5.9250405896 -5.9157780780 -5.8064521821 -5.8059904530 -1.4735327325 -1.4727353393 -1.1003441998 -1.0996078444 -0.4894972215 -0.4891712940 -0.3892869633 -0.3887654314 0.3378181037 0.3386737653 0.5389791058 0.5396799248 1.0580706148 1.0592426782 1.0790897419 1.0806634784 1.6332033402 1.6338503617 1.8678946940 1.8679768954 2.1705081534 2.1718114520 2.3748692479 2.3758067543 2.8273821698 2.8328451765 2.8586295864 2.8623106504 2.9230751379 2.9249444647 3.3950400554 3.3960195456 3.8606479725 3.8610038631 4.4218821732 4.4231336760 4.6384026421 4.6412276515 4.7752784071 4.7794397218 4.8256208145 4.8285473312 6.6097581183 6.6111551207 6.7150226902 6.7161001640 6.9527519958 6.9544819912 7.2712146433 7.2742250389 9.8017525935 9.8030553710 10.1351553493 10.1366085172 10.2218087620 10.2252846716 10.5177724527 10.5201325677 11.5634920196 11.5675545712 11.9777260343 11.9920389611 12.0888075181 12.0996619476 12.8489455638 12.8563999033 13.6582900886 13.6649550965 14.3379844108 14.3542766064 14.7441165199 14.7605072309 15.3349957429 15.3497527941 15.5689447834 15.5783640276 16.3382180640 16.3398812191 16.4383632619 16.4401767126 17.4841004703 17.4878138966 17.9208642953 17.9371522469 18.0851401567 18.1010820440 18.7807936775 18.7879187492 19.0109832282 19.0191839968 19.7466807574 19.7563618410 19.8708026626 19.8956698605 20.1046837572 20.1363290563 20.5109750640 20.6107191430 20.6258278399 20.7222803975 20.9011245431 20.9059023520 21.3501681731 21.3699074273 21.5169579615 21.5374126496 21.7346024010 21.7403267006 22.2266645549 22.2372947844 22.4514553069 22.4650241090 23.0982863255 23.1142126236 24.0539933403 24.0574159571 24.3954499104 24.3987896972 25.9222157032 25.9257606382 27.2212550115 27.2222145500 27.8414681594 27.8419934829 43.6558945473 43.6665896038 43.7869512477 43.7936488973 45.9049071875 45.9226304288 46.3968294033 46.4191831927 46.7150395803 46.7231868769 48.2934920306 48.3139419226 52.4360922564 52.4362657334 52.6463670180 52.6469582745
-48.4954494649 -48.4953295906 -48.4949399902 -48.4944569007 -48.2124570733 -48.2124064710 -48.2118762048 -48.2115871422 -48.2024892072 -48.2023902509 -48.2018807260 -48.2016150752 -17.9462135488 -17.9462003799 -17.8796188479 -17.8796146020 -17.4392157080 -17.4392114703 -17.3511133456 -17.3511001832 -9.3666389039 -9.3653986428 -9.0148260925 -9.0139878473 -7.5101794330 -7.5077824555 -7.2393799558 -7.2340134358 -6.9489593306 -6.9398551715 -6.8967156003 -6.8814728069 -6.5194782450 -6.5116124556 -6.2990985640 -6.2867917369 -6.1920395655 -6.1802366690 -6.1073909634 -6.0934215526 -5.9250405896 -5.9157780780 -5.8064521821 -5.8059904530 -1.4735327325 -1.4727353393 -1.1003441998 -1.0996078444 -0.4894972215 -0.4891712940 -0.3892869633 -0.3887654314 0.3378181037 0.3386737653 0.5389791058 0.5396799248 1.0580706148 1.0592426782 1.0790897419 1.0806634784 1.6332033402 1.6338503617 1.8678946940 1.8679768954 2.1705081534 2.1718114520 2.3748692479 2.3758067543 2.8273821698 2.8328451765 2.8586295864 2.8623106504 2.9230751380 2.9249444647 3.3950400554 3.3960195456 3.8606479725 3.8610038631 4.4218821732 4.4231336760 4.6384026421 4.6412276515 4.7752784071 4.7794397218 4.8256208145 4.8285473312 6.6097581183 6.6111551207 6.7150226902 6.7161001640 6.9527519959 6.9544819912 7.2712146432 7.2742250389 9.8017525934 9.8030553709 10.1351553494 10.1366085172 10.2218087616 10.2252846713 10.5177724526 10.5201325676 11.5634920196 11.5675545712 11.9777260341 11.9920389610 12.0888075176 12.0996619472 12.8489455640 12.8563999035 13.6582900880 13.6649550958 14.3379844109 14.3542766063 14.7441165201 14.7605072310 15.3349957430 15.3497527942 15.5689447835 15.5783640275 16.3382180638 16.3398812190 16.4383632618 16.4401767125 17.4841004701 17.4878138963 17.9208642953 17.9371522468 18.0851401568 18.1010820440 18.7807936775 18.7879187492 19.0109832286 19.0191839972 19.7466807574 19.7563618411 19.8708026630 19.8956698609 20.1046837571 20.1363290562 20.5109750632 20.6107191416 20.6258278398 20.7222803968 20.9011245432 20.9059023521 21.3501681726 21.3699074267 21.5169579615 21.5374126495 21.7346024010 21.7403267006 22.2266645540 22.2372947834 22.4514553069 22.4650241090 23.0982863254 23.1142126235 24.0539933402 24.0574159570 24.3954499105 24.3987896973 25.9222157031 25.9257606381 27.2212550112 27.2222145497 27.8414681587 27.8419934822 43.6558945455 43.6665896026 43.7869512465 43.7936488946 45.9049071828 45.9226304245 46.3968294022 46.4191831926 46.7150395788 46.7231868761 48.2934920340 48.3139419271 52.4360922559 52.4362657329 52.6463670165 52.6469582729
-48.4959431697 -48.4957210473 -48.4953804688 -48.4950959666 -48.2128432054 -48.2127010736 -48.2123699867 -48.2121395006 -48.2030464395 -48.2028975629 -48.2024617586 -48.2023020192 -17.9249306922 -17.9248960470 -17.8592518898 -17.8592092933 -17.4252754007 -17.4252693101 -17.3396019842 -17.3395832524 -9.3438723891 -9.3415763835 -9.0089900691 -9.0075333499 -7.5689086484 -7.5684225687 -7.3400620588 -7.3327352356 -7.0461173961 -7.0438940020 -6.9898249828 -6.9804191841 -6.6257741735 -6.6210889433 -6.4026514179 -6.4012667004 -6.1957759667 -6.1901465059 -6.1529258277 -6.1473465864 -6.0002948290 -5.9955644580 -5.8841912184 -5.8633236336 -1.3613958253 -1.3613659238 -1.0434231439 -1.0429261979 -0.2995537365 -0.2984215934 -0.2348374353 -0.2339124881 0.1776631016 0.1786294191 0.4501373004 0.4514622352 1.0650574260 1.0661651096 1.1317775465 1.1336304485 1.6638106425 1.6642482636 1.8394061979 1.8394911170 2.1473991959 2.1481790064 2.1615192832 2.1627162123 2.8443972943 2.8455952322 2.9791609903 2.9811068423 3.0073486220 3.0085046161 3.3371024649 3.3384690181 3.7988700629 3.8021230835 4.3612571048 4.3617501931 4.5855370560 4.5909503788 4.6889237708 4.6911575189 4.8618900843 4.8626441832 6.5729923608 6.5746942167 6.6640521509 6.6643585567 7.0142987782 7.0157315691 7.4949168890 7.4966652649 9.8058170855 9.8062296587 10.1080551709 10.1147707662 10.1983369023 10.2017457832 10.4313741811 10.4385757050 11.6437700762 11.6510474117 11.7387667169 11.7518450342 12.2772264021 12.2953452635 12.9075280537 12.9136569367 13.6436558606 13.6530166678 14.3902677870 14.3922971506 14.6789701072 14.6879052453 15.1983396213 15.2114528876 15.4310758922 15.4344443231 16.2988725045 16.3005027912 16.4324708514 16.4344960776 17.3317572728 17.3450181506 17.4727772049 17.4784391799 17.7767033897 17.7831270244 17.8888434828 17.9027059491 18.6101287531 18.6373421743 19.0169806332 19.0326529168 19.5188208091 19.5341141633 19.8171277408 19.8455333934 20.0542331470 20.0609544870 20.1326785550 20.1499531128 20.8800176922 20.8820851788 21.0722503871 21.0778917336 21.1610423584 21.1650924151 21.5981812970 21.6373088369 21.6658892377 21.6780349499 21.7669083661 21.7710030986 22.6195881369 22.6339935442 22.9842658732 23.0190603009 24.2799146369 24.2802454297 25.5701471176 25.5740397781 26.7809248977 26.7823941500 27.2050029504 27.2067930927 42.2217240554 42.2487911589 42.4409103555 42.4626538440 43.0512907677 43.0885832499 44.2181234172 44.2200913662 45.1408654486 45.1496029220 47.3896795880 47.4097910776 52.6510934269 52.6516058797 52.7878880114 52.7881069508
-48.4959431697 -48.4957210473 -48.4953804688 -48.4950959666 -48.2128432054 -48.2127010736 -48.2123699867 -48.2121395006 -48.2030464395 -48.2028975629 -48.2024617586 -48.2023020192 -17.9249306922 -17.9248960470 -17.8592518898 -17.8592092933 -17.4252754007 -17.4252693101 -17.3396019842 -17.3395832524 -9.3438723891 -9.3415763835 -9.0089900691 -9.0075333499 -7.5689086484 -7.5684225687 -7.3400620588 -7.3327352356 -7.0461173961 -7.0438940020 -6.9898249828 -6.9804191841 -6.6257741735 -6.6210889433 -6.4026514179 -6.4012667004 -6.1957759667 -6.1901465059 -6.1529258277 -6.1473465864 -6.0002948290 -5.9955644580 -5.8841912184 -5.8633236336 -1.3613958253 -1.3613659238 -1.0434231439 -1.0429261979 -0.2995537365 -0.2984215934 -0.2348374353 -0.2339124881 0.1776631016 0.1786294191 0.4501373004 0.4514622352 1.0650574260 1.0661651096 1.1317775465 1.1336304485 1.6638106425 1.6642482636 1.8394061979 1.8394911170 2.1473991959 2.1481790064 2.1615192832 2.1627162123 2.8443972943 2.8455952322 2.9791609903 2.9811068423 3.0073486220 3.0085046161 3.3371024649 3.3384690181 3.7988700629 3.8021230835 4.3612571049 4.3617501932 4.5855370560 4.5909503789 4.6889237708 4.6911575189 4.8618900843 4.8626441832 6.5729923608 6.5746942167 6.6640521509 6.6643585566 7.0142987782 7.0157315691 7.4949168890 7.4966652649 9.8058170855 9.8062296588 10.1080551707 10.1147707660 10.1983369023 10.2017457832 10.4313741809 10.4385757049 11.6437700762 11.6510474117 11.7387667169 11.7518450342 12.2772264019 12.2953452634 12.9075280538 12.9136569369 13.6436558604 13.6530166674 14.3902677870 14.3922971507 14.6789701073 14.6879052453 15.1983396215 15.2114528876 15.4310758922 15.4344443231 16.2988725045 16.3005027912 16.4324708514 16.4344960776 17.3317572727 17.3450181505 17.4727772050 17.4784391799 17.7767033899 17.7831270245 17.8888434829 17.9027059491 18.6101287533 18.6373421745 19.0169806335 19.0326529171 19.5188208092 19.5341141634 19.8171277404 19.8455333931 20.0542331469 20.0609544869 20.1326785546 20.1499531124 20.8800176920 20.8820851786 21.0722503872 21.0778917336 21.1610423584 21.1650924151 21.5981812969 21.6373088370 21.6658892376 21.6780349496 21.7669083665 21.7710030989 22.6195881363 22.6339935436 22.9842658734 23.0190603010 24.2799146368 24.2802454297 25.5701471174 25.5740397779 26.7809248981 26.7823941504 27.2050029498 27.2067930921 42.2217240493 42.2487911534 42.4409103560 42.4626538448 43.0512907651 43.0885832474 44.2181234169 44.2200913658 45.1408654504 45.1496029238 47.3896795834 47.4097910730 52.6510934267 52.6516058795 52.7878880116 52.7881069509
-48.4959425304 -48.4957222072 -48.4953797396 -48.4950996811 -48.2128164509 -48.2127088417 -48.2123732342 -48.2122160839 -48.2030585953 -48.2028354375 -48.2024887006 -48.2022608576 -17.9249299967 -17.9248953621 -17.8592501558 -17.8592075382 -17.4252749200 -17.4252687920 -17.3396003627 -17.3395816210 -9.3438727656 -9.3415755701 -9.0089897845 -9.0075318671 -7.5689087322 -7.5684222327 -7.3400624823 -7.3327355150 -7.0461164372 -7.0438926616 -6.9898246024 -6.9804165199 -6.6257721470 -6.6210904795 -6.4026499749 -6.4012701867 -6.1957812511 -6.1901508957 -6.1529278653 -6.1473520359 -6.0003053695 -5.9955723546 -5.8842039552 -5.8633359914 -1.3614007729 -1.3613690648 -1.0434236260 -1.0429293620 -0.2995596568 -0.2984269408 -0.2348450394 -0.2339195769 0.1777082547 0.1786751347 0.4501771624 0.4515009690 1.0650178921 1.0661251666 1.1317287696 1.1335821536 1.6638086786 1.6642457703 1.8394081948 1.8394932179 2.1474024510 2.1481831104 2.1615240195 2.1627217373 2.8444007599 2.8455984615 2.9791674219 2.9811126577 3.0073568717 3.0085107132 3.3371055828 3.3384724641 3.7988742256 3.8021272325 4.3612563577 4.3617510715 4.5855413684 4.5909561790 4.6889267395 4.6911634982 4.8618751394 4.8626298845 6.5729896985 6.5746905529 6.6640420718 6.6643506941 7.0143109187 7.0157479608 7.4949450038 7.4966957575 9.8058122425 9.8062245779 10.1080717236 10.1147848062 10.1983426422 10.2017484486 10.4313817653 10.4385903805 11.6436928500 11.6509759902 11.7387169534 11.7517926167 12.2772538902 12.2953617745 12.9075862730 12.9137083184 13.6436627772 13.6530198717 14.3902906560 14.3923109686 14.6789514913 14.6878867176 15.1983645074 15.2114815993 15.4310642763 15.4344323662 16.2988709089 16.3004977324 16.4324749743 16.4344944254 17.3317648453 17.3450278311 17.4727727195 17.4784401839 17.7766937479 17.7831283158 17.8888604436 17.9027241508 18.6101112669 18.6373308057 19.0169995711 19.0326804159 19.5187832091 19.5340776427 19.8171209717 19.8455359368 20.0542285520 20.0609481245 20.1326719522 20.1499430521 20.8800168382 20.8820906711 21.0722761403 21.0779184703 21.1610538662 21.1650982188 21.5981794165 21.6372999138 21.6658812353 21.6780393767 21.7668439366 21.7709418281 22.6195720830 22.6339762770 22.9842189464 23.0190031311 24.2799663066 24.2803004958 25.5701516209 25.5740472033 26.7809755729 26.7824411212 27.2050347063 27.2068216336 42.2217833183 42.2489313566 42.4412102871 42.4629180958 43.0512277420 43.0884698349 44.2178426689 44.2197557321 45.1410782645 45.1497906448 47.3896744524 47.4098044429 52.6510676672 52.6515615484 52.7879553249 52.7881736788
-48.4959425304 -48.4957222072 -48.4953797396 -48.4950996811 -48.2128164509 -48.2127088417 -48.2123732342 -48.2122160839 -48.2030585953 -48.2028354375 -48.2024887006 -48.2022608576 -17.9249299967 -17.9248953621 -17.8592501558 -17.8592075382 -17.4252749200 -17.4252687920 -17.3396003627 -17.3395816210 -9.3438727656 -9.3415755701 -9.0089897845 -9.0075318671 -7.5689087322 -7.5684222327 -7.3400624823 -7.3327355150 -7.0461164372 -7.0438926616 -6.9898246024 -6.9804165199 -6.6257721470 -6.6210904795 -6.4026499749 -6.4012701867 -6.1957812511 -6.1901508957 -6.1529278653 -6.1473520359 -6.0003053695 -5.9955723546 -5.8842039552 -5.8633359914 -1.3614007729 -1.3613690648 -1.0434236260 -1.0429293620 -0.2995596568 -0.2984269408 -0.2348450394 -0.2339195769 0.1777082547 0.1786751347 0.4501771624 0.4515009690 1.0650178921 1.0661251666 1.1317287696 1.1335821536 1.6638086786 1.6642457703 1.8394081948 1.8394932179 2.1474024510 2.1481831104 2.1615240195 2.1627217373 2.8444007600 2.8455984615 2.9791674219 2.9811126577 3.0073568717 3.0085107132 3.3371055828 3.3384724641 3.7988742256 3.8021272325 4.3612563577 4.3617510714 4.5855413684 4.5909561790 4.6889267395 4.6911634982 4.8618751393 4.8626298845 6.5729896985 6.5746905529 6.6640420718 6.6643506941 7.0143109187 7.0157479608 7.4949450038 7.4966957576 9.8058122425 9.8062245779 10.1080717236 10.1147848062 10.1983426420 10.2017484484 10.4313817653 10.4385903806 11.6436928500 11.6509759902 11.7387169533 11.7517926167 12.2772538903 12.2953617745 12.9075862731 12.9137083185 13.6436627767 13.6530198711 14.3902906561 14.3923109687 14.6789514913 14.6878867176 15.1983645074 15.2114815993 15.4310642763 15.4344323661 16.2988709088 16.3004977323 16.4324749743 16.4344944254 17.3317648452 17.3450278310 17.4727727195 17.4784401839 17.7766937481 17.7831283160 17.8888604438 17.9027241511 18.6101112669 18.6373308057 19.0169995712 19.0326804159 19.5187832092 19.5340776428 19.8171209714 19.8455359364 20.0542285520 20.0609481246 20.1326719521 20.1499430520 20.8800168383 20.8820906711 21.0722761404 21.0779184704 21.1610538662 21.1650982188 21.5981794162 21.6372999134 21.6658812351 21.6780393763 21.7668439358 21.7709418275 22.6195720829 22.6339762769 22.9842189467 23.0190031314 24.2799663066 24.2803004958 25.5701516206 25.5740472030 26.7809755729 26.7824411212 27.2050347057 27.2068216330 42.2217833188 42.2489313570 42.4412102828 42.4629180914 43.0512277412 43.0884698343 44.2178426702 44.2197557333 45.1410782648 45.1497906450 47.3896744577 47.4098044485 52.6510676666 52.6515615478 52.7879553246 52.7881736785
-48.4959413301 -48.4957177772 -48.4953748605 -48.4950912684 -48.2128140896 -48.2127062612 -48.2121708683 -48.2120092965 -48.2031346897 -48.2030060974 -48.2025186566 -48.2024099130 -17.9249290461 -17.9248943008 -17.8592480795 -17.8592055780 -17.4252660452 -17.4252600316 -17.3395973396 -17.3395785958 -9.3438247651 -9.3415171576 -9.0089265934 -9.0074655520 -7.5689005686 -7.5684335089 -7.3400889265 -7.3327713066 -7.0460558726 -7.0438245426 -6.9897502232 -6.9803655545 -6.6259726648 -6.6213278772 -6.4028200117 -6.4014752649 -6.1960411957 -6.1904150589 -6.1531901742 -6.1475875138 -5.9999894983 -5.9952521103 -5.8838741903 -5.8629820815 -1.3619540420 -1.3619164079 -1.0442935595 -1.0437949547 -0.2999262770 -0.2987659452 -0.2352127360 -0.2342488303 0.1734815605 0.1744648037 0.4459248809 0.4472566021 1.0719285932 1.0730564234 1.1391825513 1.1410674946 1.6683172564 1.6687569949 1.8430508105 1.8431621317 2.1478591388 2.1486647141 2.1610517495 2.1621571198 2.8466912665 2.8477844728 2.9769850339 2.9783920905 3.0058360179 3.0058664812 3.3369006634 3.3380514380 3.7985311136 3.8017451280 4.3610059355 4.3614348503 4.5811344422 4.5865712441 4.6858695490 4.6880551683 4.8625935451 4.8633152153 6.5725452055 6.5742103248 6.6643125366 6.6646936125 7.0132235874 7.0147478754 7.4920974088 7.4938557341 9.8067727660 9.8071626449 10.1064117607 10.1131416438 10.1986178825 10.2019808449 10.4297283088 10.4368730099 11.6617264334 11.6692038556 11.7497771198 11.7631525941 12.2735738747 12.2922409152 12.8973052029 12.9034097601 13.6402903057 13.6494996305 14.3897227514 14.3916965151 14.6792874546 14.6884614804 15.1981633784 15.2115029199 15.4306721156 15.4339786594 16.2991673897 16.3007759102 16.4322019453 16.4341971948 17.3297580024 17.3428326046 17.4730008372 17.4785331727 17.7788249639 17.7850576654 17.8901263862 17.9038837581 18.6093985389 18.6366519187 19.0167712035 19.0324770120 19.5195940918 19.5349785298 19.8184827442 19.8470062464 20.0545113637 20.0612566904 20.1326721039 20.1499848715 20.8784448977 20.8805163576 21.0706275398 21.0763250817 21.1608141067 21.1647263539 21.5981563235 21.6380872800 21.6656495814 21.6772145211 21.7669113255 21.7706765646 22.6189571916 22.6333005299 22.9830461042 23.0177992939 24.2800136124 24.2803412698 25.5707003284 25.5745858670 26.7803428217 26.7818141024 27.2049514001 27.2067441126 42.2388346389 42.2662593053 42.4607283815 42.4823095683 43.0546917525 43.0925336599 44.2234287465 44.2253653472 45.1471565984 45.1559421960 47.3944899858 47.4146984644 52.6523626344 52.6528769833 52.7891236590 52.7893438142
-48.4959413301 -48.4957177772 -48.4953748605 -48.4950912684 -48.2128140896 -48.2127062612 -48.2121708683 -48.2120092965 -48.2031346897 -48.2030060974 -48.2025186566 -48.2024099130 -17.9249290461 -17.9248943008 -17.8592480795 -17.8592055780 -17.4252660452 -17.4252600316 -17.3395973396 -17.3395785958 -9.3438247651 -9.3415171576 -9.0089265934 -9.0074655520 -7.5689005686 -7.5684335089 -7.3400889265 -7.3327713066 -7.0460558726 -7.0438245426 -6.9897502232 -6.9803655545 -6.6259726648 -6.6213278772 -6.4028200117 -6.4014752649 -6.1960411957 -6.1904150589 -6.1531901742 -6.1475875138 -5.9999894983 -5.9952521103 -5.8838741903 -5.8629820815 -1.3619540420 -1.3619164079 -1.0442935595 -1.0437949547 -0.2999262770 -0.2987659452 -0.2352127360 -0.2342488303 0.1734815605 0.1744648037 0.4459248809 0.4472566021 1.0719285932 1.0730564234 1.1391825513 1.1410674946 1.6683172564 1.6687569949 1.8430508105 1.8431621317 2.1478591388 2.1486647141 2.1610517495 2.1621571198 2.8466912665 2.8477844728 2.9769850339 2.9783920905 3.0058360179 3.0058664812 3.3369006634 3.3380514381 3.7985311136 3.8017451280 4.3610059355 4.3614348504 4.5811344422 4.5865712441 4.6858695490 4.6880551683 4.8625935451 4.8633152153 6.5725452055 6.5742103248 6.6643125366 6.6646936124 7.0132235874 7.0147478754 7.4920974087 7.4938557341 9.8067727658 9.8071626447 10.1064117606 10.1131416437 10.1986178823 10.2019808447 10.4297283091 10.4368730102 11.6617264333 11.6692038556 11.7497771198 11.7631525941 12.2735738744 12.2922409150 12.8973052028 12.9034097601 13.6402903059 13.6494996308 14.3897227514 14.3916965152 14.6792874546 14.6884614805 15.1981633783 15.2115029199 15.4306721155 15.4339786593 16.2991673897 16.3007759102 16.4322019453 16.4341971949 17.3297580023 17.3428326045 17.4730008373 17.4785331728 17.7788249639 17.7850576654 17.8901263862 17.9038837582 18.6093985391 18.6366519189 19.0167712030 19.0324770114 19.5195940919 19.5349785299 19.8184827442 19.8470062464 20.0545113637 20.0612566904 20.1326721039 20.1499848714 20.8784448975 20.8805163574 21.0706275397 21.0763250817 21.1608141068 21.1647263540 21.5981563232 21.6380872793 21.6656495812 21.6772145209 21.7669113245 21.7706765640 22.6189571913 22.6333005296 22.9830461039 23.0177992936 24.2800136124 24.2803412699 25.5707003284 25.5745858670 26.7803428213 26.7818141021 27.2049514005 27.2067441130 42.2388346383 42.2662593039 42.4607283797 42.4823095671 43.0546917536 43.0925336606 44.2234287451 44.2253653459 45.1471565901 45.1559421882 47.3944899961 47.4146984751 52.6523626341 52.6528769830 52.7891236585 52.7893438137
-48.4967192129 -48.4965331647 -48.4962243639 -48.4959092980 -48.2133789114 -48.2132348172 -48.2130436670 -48.2128637575 -48.2042332428 -48.2037916555 -48.2036921218 -48.2033143273 -17.8621428929 -17.8620806123 -17.7988661216 -17.7987975947 -17.3879873625 -17.3879597682 -17.3101446802 -17.3100767690 -9.2942568459 -9.2878555667 -9.0171229717 -9.0105191124 -7.8208935937 -7.8164488978 -7.6768772822 -7.6713876193 -7.2844875525 -7.2772150241 -7.1979675828 -7.1821259270 -6.7823311029 -6.7698263668 -6.5789467648 -6.5615476168 -6.4389565542 -6.4266583857 -6.3537377383 -6.3353820101 -6.0682856731 -6.0542378023 -5.9278155703 -5.9043193625 -1.2504740355 -1.2486128186 -1.1314275561 -1.1300628650 -0.3663067290 -0.3647597460 -0.0515278320 -0.0499408515 0.4348990696 0.4393926227 0.6343994830 0.6421413949 1.0265543852 1.0318359540 1.2355153554 1.2399386977 1.4534234476 1.4612752532 1.5773189858 1.5877539987 2.2147652367 2.2242153147 2.4880416225 2.4997087966 2.6398961654 2.6630853356 2.9197848346 2.9218939997 3.2122307234 3.2152674581 3.3313244484 3.3347643864 3.5324793465 3.5412580506 4.1592004708 4.1655408957 4.6181039213 4.6286071769 4.7169451146 4.7320793547 4.8905106917 4.8970977103 6.5783449811 6.5833416317 6.7360600654 6.7416300553 7.1170042029 7.1208497105 7.6145029815 7.6263000455 9.4383427327 9.4455720152 10.0003471953 10.0077416881 10.1411589111 10.1516859489 10.3036776724 10.3417802264 11.5746509253 11.5994884567 11.9403328560 11.9581573471 12.3458907061 12.3534970591 12.9032535349 12.9701704404 13.3495873513 13.4025763723 14.0837646209 14.1174015054 14.3272030304 14.3765016931 14.7381846949 14.8372190461 15.0493832150 15.1343614043 15.5315887748 15.5401972519 16.0266424672 16.1035193292 16.5034666791 16.5244041188 16.7679091199 16.8215292676 16.9086133339 16.9568822127 17.0947949042 17.1180387435 17.8005032832 17.8655854844 18.0237327703 18.0796385763 18.6549422897 18.6821517487 18.9681784910 18.9954588654 19.1859017334 19.2046914811 19.4037366206 19.4691440004 20.2790688801 20.2934345740 20.4795518261 20.4895823000 20.6809537944 20.7349402133 20.9486350738 20.9726058741 21.3089273076 21.3179054502 21.6535606014 21.6978823569 22.1012880163 22.1691795056 22.3971321496 22.4301557051 24.2111684196 24.2122227721 24.8298731016 24.8342550713 25.2857147087 25.2982845388 25.7486038966 25.7746323202 37.0776361811 37.1315441578 37.3317411104 37.3646967339 39.2803316708 39.2966925061 40.4833128678 40.4862021743 42.2350178878 42.2784490943 43.7375591930 43.7627251871 52.9917720168 52.9922722239 53.1202611056 53.1205608052
-48.4967192129 -48.4965331647 -48.4962243639 -48.4959092980 -48.2133789114 -48.2132348172 -48.2130436670 -48.2128637575 -48.2042332428 -48.2037916555 -48.2036921218 -48.2033143273 -17.8621428929 -17.8620806123 -17.7988661216 -17.7987975947 -17.3879873625 -17.3879597682 -17.3101446802 -17.3100767690 -9.2942568459 -9.2878555667 -9.0171229717 -9.0105191124 -7.8208935937 -7.8164488978 -7.6768772822 -7.6713876193 -7.2844875525 -7.2772150241 -7.1979675828 -7.1821259270 -6.7823311029 -6.7698263668 -6.5789467649 -6.5615476168 -6.4389565542 -6.4266583857 -6.3537377383 -6.3353820101 -6.0682856731 -6.0542378023 -5.9278155703 -5.9043193625 -1.2504740355 -1.2486128186 -1.1314275561 -1.1300628651 -0.3663067290 -0.3647597460 -0.0515278321 -0.0499408515 0.4348990696 0.4393926227 0.6343994831 0.6421413949 1.0265543851 1.0318359540 1.2355153554 1.2399386977 1.4534234476 1.4612752532 1.5773189858 1.5877539987 2.2147652367 2.2242153147 2.4880416225 2.4997087966 2.6398961654 2.6630853356 2.9197848346 2.9218939997 3.2122307234 3.2152674581 3.3313244484 3.3347643864 3.5324793465 3.5412580506 4.1592004708 4.1655408957 4.6181039213 4.6286071769 4.7169451146 4.7320793547 4.8905106917 4.8970977103 6.5783449811 6.5833416317 6.7360600653 6.7416300553 7.1170042028 7.1208497105 7.6145029817 7.6263000457 9.4383427327 9.4455720152 10.0003471952 10.0077416880 10.1411589112 10.1516859490 10.3036776722 10.3417802262 11.5746509253 11.5994884566 11.9403328560 11.9581573471 12.3458907057 12.3534970587 12.9032535350 12.9701704405 13.3495873512 13.4025763722 14.0837646210 14.1174015054 14.3272030304 14.3765016931 14.7381846949 14.8372190462 15.0493832150 15.1343614044 15.5315887748 15.5401972520 16.0266424671 16.1035193291 16.5034666792 16.5244041188 16.7679091199 16.8215292676 16.9086133339 16.9568822128 17.0947949043 17.1180387435 17.8005032835 17.8655854847 18.0237327704 18.0796385764 18.6549422894 18.6821517483 18.9681784910 18.9954588653 19.1859017333 19.2046914810 19.4037366205 19.4691440001 20.2790688803 20.2934345741 20.4795518259 20.4895822998 20.6809537947 20.7349402136 20.9486350738 20.9726058742 21.3089273078 21.3179054504 21.6535606014 21.6978823569 22.1012880161 22.1691795054 22.3971321498 22.4301557052 24.2111684196 24.2122227721 24.8298731018 24.8342550716 25.2857147087 25.2982845387 25.7486038965 25.7746323201 37.0776361794 37.1315441560 37.3317411103 37.3646967340 39.2803316694 39.2966925050 40.4833128688 40.4862021755 42.2350178842 42.2784490908 43.7375591895 43.7627251836 52.9917720175 52.9922722246 53.1202611052 53.1205608048
-48.4967449422 -48.4965087482 -48.4962598718 -48.4958724981 -48.2133534102 -48.2132448040 -48.2130597476 -48.2128536237 -48.2042881114 -48.2037801496 -48.2036922794 -48.2032816935 -17.8621427003 -17.8620804233 -17.7988652399 -17.7987966959 -17.3879874436 -17.3879598084 -17.3101444128 -17.3100765288 -9.2942569839 -9.2878541047 -9.0171235506 -9.0105180239 -7.8208954503 -7.8164478865 -7.6768802855 -7.6713868682 -7.2844866076 -7.2772142669 -7.1979671376 -7.1821246939 -6.7823294517 -6.7698253201 -6.5789480448 -6.5615477680 -6.4389587789 -6.4266625063 -6.3537403394 -6.3353857497 -6.0682876174 -6.0542401854 -5.9278188413 -5.9043248264 -1.2504743055 -1.2486140761 -1.1314265530 -1.1300644366 -0.3663084035 -0.3647625876 -0.0515284539 -0.0499417169 0.4349045942 0.4394008475 0.6344108117 0.6421543997 1.0265505537 1.0318335619 1.2355102178 1.2399339996 1.4534114744 1.4612610929 1.5773086049 1.5877430701 2.2147626894 2.2242122246 2.4880382867 2.4997060057 2.6398973089 2.6630871831 2.9197873917 2.9218964223 3.2122403882 3.2152768513 3.3313313310 3.3347710733 3.5324822593 3.5412617404 4.1592015434 4.1655421979 4.6181110318 4.6286155563 4.7169548387 4.7320917099 4.8905011451 4.8970894236 6.5783464017 6.5833419565 6.7360542287 6.7416198294 7.1170168426 7.1208588319 7.6145123597 7.6263126824 9.4383369303 9.4455629805 10.0003529999 10.0077524266 10.1411634010 10.1516885966 10.3036942594 10.3417960936 11.5746397062 11.5994837407 11.9402752376 11.9580854008 12.3459214943 12.3535286211 12.9032971694 12.9702020637 13.3496207008 13.4026128219 14.0837521544 14.1173818103 14.3271977998 14.3765029518 14.7381560266 14.8371768626 15.0494234122 15.1343975878 15.5316051908 15.5402024737 16.0266452239 16.1035206932 16.5034688256 16.5244038633 16.7679125400 16.8215323444 16.9086092769 16.9568886951 17.0947745325 17.1180216935 17.8004853091 17.8655699597 18.0237268404 18.0796311216 18.6549497895 18.6821538736 18.9681727534 18.9954501858 19.1859222018 19.2047096743 19.4036914074 19.4690936304 20.2790385027 20.2933935570 20.4795365464 20.4895547810 20.6809733360 20.7349767251 20.9486526746 20.9726355614 21.3089522654 21.3179195089 21.6535700051 21.6978855925 22.1012744510 22.1691685837 22.3971526589 22.4301723912 24.2111882000 24.2122426558 24.8298987836 24.8342822062 25.2857247884 25.2982922926 25.7486304940 25.7746656653 37.0779293887 37.1318744512 37.3317700025 37.3648052776 39.2801559982 39.2964960088 40.4829140071 40.4858120305 42.2350683255 42.2785245461 43.7375911557 43.7628163457 52.9917903621 52.9922900006 53.1203179808 53.1206140672
-48.4967449422 -48.4965087482 -48.4962598718 -48.4958724981 -48.2133534102 -48.2132448040 -48.2130597476 -48.2128536237 -48.2042881114 -48.2037801496 -48.2036922794 -48.2032816935 -17.8621427003 -17.8620804233 -17.7988652399 -17.7987966959 -17.3879874436 -17.3879598084 -17.3101444128 -17.3100765288 -9.2942569839 -9.2878541047 -9.0171235506 -9.0105180239 -7.8208954503 -7.8164478865 -7.6768802855 -7.6713868682 -7.2844866076 -7.2772142669 -7.1979671376 -7.1821246939 -6.7823294517 -6.7698253201 -6.5789480448 -6.5615477680 -6.4389587789 -6.4266625063 -6.3537403394 -6.3353857497 -6.0682876174 -6.0542401854 -5.9278188413 -5.9043248264 -1.2504743055 -1.2486140761 -1.1314265530 -1.1300644366 -0.3663084035 -0.3647625876 -0.0515284539 -0.0499417169 0.4349045942 0.4394008475 0.6344108117 0.6421543997 1.0265505537 1.0318335619 1.2355102178 1.2399339996 1.4534114744 1.4612610929 1.5773086049 1.5877430701 2.2147626894 2.2242122246 2.4880382867 2.4997060057 2.6398973089 2.6630871831 2.9197873917 2.9218964223 3.2122403882 3.2152768513 3.3313313310 3.3347710733 3.5324822593 3.5412617404 4.1592015434 4.1655421979 4.6181110318 4.6286155563 4.7169548387 4.7320917099 4.8905011451 4.8970894237 6.5783464017 6.5833419565 6.7360542287 6.7416198293 7.1170168425 7.1208588319 7.6145123597 7.6263126824 9.4383369303 9.4455629804 10.0003529999 10.0077524267 10.1411634010 10.1516885966 10.3036942592 10.3417960934 11.5746397062 11.5994837408 11.9402752376 11.9580854008 12.3459214940 12.3535286209 12.9032971694 12.9702020636 13.3496207009 13.4026128221 14.0837521545 14.1173818103 14.3271977998 14.3765029518 14.7381560267 14.8371768626 15.0494234122 15.1343975878 15.5316051908 15.5402024737 16.0266452239 16.1035206932 16.5034688256 16.5244038633 16.7679125400 16.8215323444 16.9086092768 16.9568886951 17.0947745325 17.1180216935 17.8004853091 17.8655699596 18.0237268405 18.0796311217 18.6549497894 18.6821538734 18.9681727534 18.9954501858 19.1859222018 19.2047096742 19.4036914072 19.4690936303 20.2790385028 20.2933935570 20.4795365464 20.4895547810 20.6809733360 20.7349767252 20.9486526746 20.9726355614 21.3089522654 21.3179195088 21.6535700053 21.6978855927 22.1012744511 22.1691685838 22.3971526591 22.4301723914 24.2111882000 24.2122426558 24.8298987837 24.8342822063 25.2857247884 25.2982922926 25.7486304942 25.7746656654 37.0779293888 37.1318744513 37.3317700037 37.3648052788 39.2801559974 39.2964960079 40.4829140047 40.4858120280 42.2350683226 42.2785245431 43.7375911496 43.7628163396 52.9917903623 52.9922900007 53.1203179809 53.1206140672
-48.4967549789 -48.4965045233 -48.4962599756 -48.4958627747 -48.2134702487 -48.2132599808 -48.2130223516 -48.2125596287 -48.2041795834 -48.2038961224 -48.2038228276 -48.2033458925 -17.8621508093 -17.8620885739 -17.7988725434 -17.7988040856 -17.3879756022 -17.3879481246 -17.3101396479 -17.3100718785 -9.2942202205 -9.2878021400 -9.0170596367 -9.0104360164 -7.8209605322 -7.8165971416 -7.6770163545 -7.6715639205 -7.2843627555 -7.2771578497 -7.1979209490 -7.1820686966 -6.7823752054 -6.7699364608 -6.5788692326 -6.5613922763 -6.4390182937 -6.4267599111 -6.3539035174 -6.3353170740 -6.0682114318 -6.0542268789 -5.9278819969 -5.9044558270 -1.2510373513 -1.2491854990 -1.1325990670 -1.1312406122 -0.3685573931 -0.3670043606 -0.0531110863 -0.0515186833 0.4348701793 0.4394162100 0.6343017149 0.6419821403 1.0303534995 1.0356892224 1.2411401442 1.2454647370 1.4579062003 1.4659936999 1.5814983409 1.5919030445 2.2138278151 2.2232858885 2.4872654908 2.4988739588 2.6417524293 2.6648484245 2.9195490170 2.9216641784 3.2097002102 3.2129953851 3.3293350800 3.3328167192 3.5340374221 3.5427870448 4.1596671052 4.1660162027 4.6148920447 4.6250683094 4.7136883971 4.7282255964 4.8896956649 4.8962862374 6.5781695841 6.5832138592 6.7339343963 6.7395070339 7.1162960805 7.1201524032 7.6143203055 7.6259979571 9.4348617830 9.4422244685 9.9987847131 10.0060848151 10.1416541004 10.1522474002 10.3051635158 10.3430320652 11.5901594568 11.6153167809 11.9474335133 11.9645410178 12.3432189559 12.3517316823 12.9009199131 12.9667202285 13.3467147102 13.3993374795 14.0869252180 14.1190128775 14.3285784418 14.3772065567 14.7344481291 14.8329421650 15.0516700647 15.1364787576 15.5313783053 15.5397960790 16.0293905600 16.1060573090 16.5028373314 16.5239252765 16.7667122364 16.8198086346 16.9089262850 16.9573047946 17.0955182861 17.1185000611 17.7998395451 17.8648291120 18.0215848702 18.0777104687 18.6546944122 18.6817359969 18.9663089447 18.9940320847 19.1855268009 19.2046443786 19.4003425099 19.4661933304 20.2791975838 20.2938545632 20.4788650471 20.4892481611 20.6820372886 20.7361451384 20.9502325285 20.9744131255 21.3111011545 21.3204014333 21.6514554615 21.6960519011 22.1011270133 22.1689676461 22.4016593000 22.4345019905 24.2117509655 24.2128278302 24.8275219421 24.8318794532 25.2842728061 25.2968608971 25.7483289437 25.7744869149 37.0827026757 37.1359557671 37.3338027794 37.3666142294 39.2858618210 39.3026309958 40.4874523147 40.4905565782 42.2515773421 42.2952629776 43.7598944452 43.7852798855 52.9925227229 52.9930287919 53.1223052822 53.1226028715
-48.4967549789 -48.4965045233 -48.4962599756 -48.4958627747 -48.2134702487 -48.2132599808 -48.2130223516 -48.2125596287 -48.2041795834 -48.2038961224 -48.2038228276 -48.2033458925 -17.8621508093 -17.8620885739 -17.7988725434 -17.7988040856 -17.3879756022 -17.3879481246 -17.3101396479 -17.3100718785 -9.2942202205 -9.2878021400 -9.0170596367 -9.0104360164 -7.8209605322 -7.8165971416 -7.6770163545 -7.6715639205 -7.2843627555 -7.2771578497 -7.1979209490 -7.1820686966 -6.7823752054 -6.7699364608 -6.5788692326 -6.5613922763 -6.4390182937 -6.4267599111 -6.3539035174 -6.3353170740 -6.0682114318 -6.0542268789 -5.9278819969 -5.9044558270 -1.2510373513 -1.2491854989 -1.1325990670 -1.1312406122 -0.3685573931 -0.3670043606 -0.0531110863 -0.0515186833 0.4348701793 0.4394162100 0.6343017149 0.6419821403 1.0303534995 1.0356892224 1.2411401442 1.2454647370 1.4579062003 1.4659936999 1.5814983409 1.5919030445 2.2138278151 2.2232858885 2.4872654908 2.4988739588 2.6417524293 2.6648484245 2.9195490170 2.9216641785 3.2097002102 3.2129953851 3.3293350800 3.3328167192 3.5340374221 3.5427870448 4.1596671052 4.1660162027 4.6148920446 4.6250683094 4.7136883971 4.7282255964 4.8896956649 4.8962862374 6.5781695841 6.5832138592 6.7339343963 6.7395070339 7.1162960805 7.1201524032 7.6143203055 7.6259979571 9.4348617830 9.4422244685 9.9987847130 10.0060848150 10.1416541003 10.1522474000 10.3051635157 10.3430320651 11.5901594568 11.6153167809 11.9474335132 11.9645410178 12.3432189558 12.3517316822 12.9009199131 12.9667202286 13.3467147103 13.3993374795 14.0869252180 14.1190128774 14.3285784418 14.3772065566 14.7344481291 14.8329421650 15.0516700648 15.1364787576 15.5313783053 15.5397960790 16.0293905600 16.1060573091 16.5028373314 16.5239252766 16.7667122364 16.8198086346 16.9089262850 16.9573047946 17.0955182860 17.1185000611 17.7998395451 17.8648291120 18.0215848701 18.0777104687 18.6546944122 18.6817359968 18.9663089447 18.9940320847 19.1855268009 19.2046443786 19.4003425101 19.4661933306 20.2791975839 20.2938545632 20.4788650471 20.4892481611 20.6820372886 20.7361451384 20.9502325283 20.9744131253 21.3111011545 21.3204014333 21.6514554614 21.6960519010 22.1011270132 22.1689676460 22.4016592996 22.4345019901 24.2117509655 24.2128278302 24.8275219420 24.8318794531 25.2842728061 25.2968608971 25.7483289440 25.7744869152 37.0827026758 37.1359557672 37.3338027809 37.3666142310 39.2858618197 39.3026309944 40.4874523137 40.4905565771 42.2515773432 42.2952629785 43.7598944441 43.7852798843 52.9925227228 52.9930287918 53.1223052820 53.1226028713
-48.4967253573 -48.4965318236 -48.4962233518 -48.4959043491 -48.2134144802 -48.2132758440 -48.2130055000 -48.2126625895 -48.2041395274 -48.2039427210 -48.2037909746 -48.2033212475 -17.8621511019 -17.8620888498 -17.7988712103 -17.7988027012 -17.3879752063 -17.3879477001 -17.3101378048 -17.3100700503 -9.2942203704 -9.2878005812 -9.0170577790 -9.0104325338 -7.8209553832 -7.8165904388 -7.6770144363 -7.6715593967 -7.2843576607 -7.2771525446 -7.1979205015 -7.1820664694 -6.7823762376 -6.7699400176 -6.5788763288 -6.5613971619 -6.4390275920 -6.4267678847 -6.3539077085 -6.3353232981 -6.0682261377 -6.0542408926 -5.9278952171 -5.9044696846 -1.2510426455 -1.2491903406 -1.1326008509 -1.1312448993 -0.3685454268 -0.3669923122 -0.0531108269 -0.0515186053 0.4348801795 0.4394286673 0.6343233625 0.6420085206 1.0303401855 1.0356806667 1.2410902524 1.2454158680 1.4578791174 1.4659700689 1.5815101390 1.5919195475 2.2138297808 2.2232881489 2.4872684116 2.4988765155 2.6417596341 2.6648568393 2.9195596820 2.9216754018 3.2097062324 3.2130006076 3.3293402754 3.3328214975 3.5340442443 3.5427948057 4.1596706080 4.1660202223 4.6148932124 4.6250700191 4.7136898482 4.7282280436 4.8896905701 4.8962825999 6.5781678452 6.5832115963 6.7339321114 6.7395048128 7.1163067712 7.1201611950 7.6143406319 7.6260224376 9.4348558359 9.4422119990 9.9987668231 10.0060732323 10.1416430736 10.1522337932 10.3051510699 10.3430204106 11.5901140274 11.6152620160 11.9473828575 11.9645151463 12.3431989543 12.3517062911 12.9009420657 12.9667430439 13.3466844504 13.3993060390 14.0869382820 14.1190811014 14.3285920019 14.3772266495 14.7344920703 14.8329881087 15.0516772588 15.1364966547 15.5313918267 15.5398016806 16.0293843934 16.1060526105 16.5028292856 16.5239129498 16.7667087936 16.8198088094 16.9089179996 16.9572967774 17.0955244117 17.1185062407 17.7998327597 17.8648100276 18.0215893017 18.0776973167 18.6546839570 18.6817249931 18.9662901089 18.9940101161 19.1855385566 19.2046508424 19.4003697764 19.4662252628 20.2791829205 20.2938358942 20.4788723247 20.4892515433 20.6820657402 20.7361859772 20.9501578576 20.9743512461 21.3110863011 21.3203751782 21.6514182690 21.6960098980 22.1010790576 22.1689185158 22.4016754544 22.4345158180 24.2118506407 24.2129278535 24.8275565084 24.8319149457 25.2843837375 25.2969684708 25.7483728703 25.7745381364 37.0836438072 37.1368764094 37.3347793008 37.3676086674 39.2854745643 39.3022397463 40.4873462825 40.4904645254 42.2508000024 42.2944260163 43.7595445340 43.7848673694 52.9923809936 52.9928825528 53.1221746636 53.1224761752
-48.4967253573 -48.4965318236 -48.4962233518 -48.4959043491 -48.2134144802 -48.2132758440 -48.2130055000 -48.2126625895 -48.2041395274 -48.2039427210 -48.2037909746 -48.2033212475 -17.8621511019 -17.8620888498 -17.7988712103 -17.7988027012 -17.3879752063 -17.3879477001 -17.3101378048 -17.3100700503 -9.2942203704 -9.2878005812 -9.0170577790 -9.0104325338 -7.8209553832 -7.8165904388 -7.6770144363 -7.6715593967 -7.2843576607 -7.2771525446 -7.1979205015 -7.1820664694 -6.7823762376 -6.7699400176 -6.5788763288 -6.5613971619 -6.4390275920 -6.4267678847 -6.3539077085 -6.3353232981 -6.0682261377 -6.0542408926 -5.9278952171 -5.9044696846 -1.2510426455 -1.2491903406 -1.1326008509 -1.1312448993 -0.3685454268 -0.3669923122 -0.0531108269 -0.0515186053 0.4348801796 0.4394286673 0.6343233625 0.6420085206 1.0303401855 1.0356806667 1.2410902524 1.2454158680 1.4578791174 1.4659700689 1.5815101390 1.5919195475 2.2138297808 2.2232881489 2.4872684116 2.4988765155 2.6417596340 2.6648568393 2.9195596820 2.9216754018 3.2097062324 3.2130006076 3.3293402754 3.3328214975 3.5340442443 3.5427948057 4.1596706080 4.1660202223 4.6148932124 4.6250700191 4.7136898482 4.7282280436 4.8896905701 4.8962825999 6.5781678452 6.5832115963 6.7339321114 6.7395048128 7.1163067712 7.1201611950 7.6143406318 7.6260224375 9.4348558359 9.4422119990 9.9987668233 10.0060732324 10.1416430736 10.1522337931 10.3051510698 10.3430204106 11.5901140275 11.6152620160 11.9473828575 11.9645151463 12.3431989546 12.3517062915 12.9009420656 12.9667430438 13.3466844509 13.3993060395 14.0869382819 14.1190811014 14.3285920019 14.3772266495 14.7344920703 14.8329881085 15.0516772588 15.1364966546 15.5313918267 15.5398016806 16.0293843934 16.1060526105 16.5028292854 16.5239129497 16.7667087937 16.8198088094 16.9089179996 16.9572967774 17.0955244118 17.1185062408 17.7998327594 17.8648100272 18.0215893017 18.0776973168 18.6546839575 18.6817249937 18.9662901088 18.9940101160 19.1855385565 19.2046508422 19.4003697769 19.4662252633 20.2791829203 20.2938358940 20.4788723249 20.4892515436 20.6820657402 20.7361859773 20.9501578578 20.9743512463 21.3110863010 21.3203751781 21.6514182690 21.6960098980 22.1010790577 22.1689185159 22.4016754543 22.4345158179 24.2118506407 24.2129278535 24.8275565083 24.8319149456 25.2843837377 25.2969684711 25.7483728702 25.7745381364 37.0836438095 37.1368764118 37.3347793011 37.3676086678 39.2854745631 39.3022397448 40.4873462817 40.4904645246 42.2508000049 42.2944260185 43.7595445358 43.7848673711 52.9923809937 52.9928825529 53.1221746638 53.1224761754
-48.4967274208 -48.4965359124 -48.4962229458 -48.4959046655 -48.2134611065 -48.2133392485 -48.2129145749 -48.2126506368 -48.2041631165 -48.2038948818 -48.2037920534 -48.2033357615 -17.8621695665 -17.8621073278 -17.7988896904 -17.7988213052 -17.3879724766 -17.3879449951 -17.3101314509 -17.3100636352 -9.2941960031 -9.2877748898 -9.0170143192 -9.0103889662 -7.8209426660 -7.8165476316 -7.6769779771 -7.6715187583 -7.2844498392 -7.2772020437 -7.1979545280 -7.1820979567 -6.7825111173 -6.7699929170 -6.5790814658 -6.5615150557 -6.4389807001 -6.4268585961 -6.3539892724 -6.3354855914 -6.0681156272 -6.0541148298 -5.9277366690 -5.9042824658 -1.2514158093 -1.2495649123 -1.1329789317 -1.1316315243 -0.3687159473 -0.3671757409 -0.0527616033 -0.0511946909 0.4325984462 0.4372015890 0.6322417398 0.6399722625 1.0319331151 1.0369809201 1.2439906912 1.2485645537 1.4605118312 1.4684029812 1.5833812781 1.5939239627 2.2143866145 2.2237350703 2.4885749260 2.5003209456 2.6435182922 2.6666731111 2.9214214709 2.9235860626 3.2106777943 3.2137919998 3.3264454684 3.3299959747 3.5310298917 3.5398256914 4.1591312624 4.1654955366 4.6126275509 4.6230711496 4.7121821088 4.7269669688 4.8897201173 4.8963622842 6.5776239688 6.5826587326 6.7345111328 6.7400230669 7.1158320818 7.1196300640 7.6129712468 7.6246826881 9.4362637102 9.4435857122 9.9981022264 10.0053081265 10.1409653236 10.1514214277 10.3052815933 10.3430660528 11.5929256416 11.6175786878 11.9594349905 11.9776244381 12.3406091475 12.3482432949 12.8970806942 12.9638245641 13.3462607571 13.3989390107 14.0861309509 14.1191937130 14.3293376686 14.3780177687 14.7349217533 14.8338664433 15.0523091989 15.1371176052 15.5311157538 15.5397995713 16.0285521247 16.1055930985 16.5021550977 16.5232386837 16.7652758804 16.8182508842 16.9095948449 16.9579725896 17.0960494006 17.1188831100 17.8007820283 17.8658035052 18.0231671359 18.0792577561 18.6553080389 18.6824775356 18.9663061719 18.9941820016 19.1845735962 19.2038596360 19.4015927322 19.4674185187 20.2789296659 20.2934784297 20.4792841451 20.4894717957 20.6799918406 20.7340995878 20.9505862603 20.9746555843 21.3106197582 21.3198797166 21.6515587941 21.6961192349 22.1005578613 22.1684501886 22.4012292546 22.4341089529 24.2123440063 24.2134201188 24.8285656217 24.8329327882 25.2837655924 25.2963511786 25.7475890655 25.7737539296 37.0989782527 37.1528133358 37.3514329046 37.3845663021 39.2846497602 39.3015849903 40.4888128564 40.4918775216 42.2516275597 42.2954886499 43.7612741436 43.7867389561 52.9934049897 52.9939102927 53.1231157400 53.1234132653
-48.4967274208 -48.4965359124 -48.4962229458 -48.4959046655 -48.2134611065 -48.2133392485 -48.2129145749 -48.2126506368 -48.2041631165 -48.2038948818 -48.2037920534 -48.2033357615 -17.8621695665 -17.8621073278 -17.7988896904 -17.7988213052 -17.3879724766 -17.3879449951 -17.3101314509 -17.3100636352 -9.2941960031 -9.2877748898 -9.0170143192 -9.0103889662 -7.8209426660 -7.8165476316 -7.6769779771 -7.6715187583 -7.2844498392 -7.2772020437 -7.1979545280 -7.1820979567 -6.7825111173 -6.7699929171 -6.5790814658 -6.5615150557 -6.4389807001 -6.4268585961 -6.3539892724 -6.3354855914 -6.0681156272 -6.0541148298 -5.9277366690 -5.9042824657 -1.2514158093 -1.2495649123 -1.1329789317 -1.1316315243 -0.3687159473 -0.3671757409 -0.0527616033 -0.0511946909 0.4325984462 0.4372015890 0.6322417398 0.6399722625 1.0319331151 1.0369809201 1.2439906912 1.2485645537 1.4605118312 1.4684029812 1.5833812781 1.5939239627 2.2143866145 2.2237350703 2.4885749260 2.5003209456 2.6435182922 2.6666731111 2.9214214708 2.9235860626 3.2106777943 3.2137919998 3.3264454685 3.3299959747 3.5310298917 3.5398256914 4.1591312625 4.1654955366 4.6126275509 4.6230711496 4.7121821088 4.7269669688 4.8897201173 4.8963622842 6.5776239688 6.5826587326 6.7345111328 6.7400230668 7.1158320818 7.1196300641 7.6129712468 7.6246826881 9.4362637103 9.4435857123 9.9981022262 10.0053081263 10.1409653237 10.1514214278 10.3052815936 10.3430660531 11.5929256416 11.6175786877 11.9594349906 11.9776244381 12.3406091472 12.3482432946 12.8970806943 12.9638245643 13.3462607567 13.3989390103 14.0861309510 14.1191937131 14.3293376687 14.3780177687 14.7349217532 14.8338664434 15.0523091989 15.1371176052 15.5311157538 15.5397995713 16.0285521248 16.1055930985 16.5021550978 16.5232386838 16.7652758804 16.8182508842 16.9095948448 16.9579725896 17.0960494007 17.1188831100 17.8007820285 17.8658035054 18.0231671355 18.0792577557 18.6553080388 18.6824775354 18.9663061719 18.9941820016 19.1845735964 19.2038596361 19.4015927320 19.4674185185 20.2789296661 20.2934784298 20.4792841451 20.4894717957 20.6799918404 20.7340995875 20.9505862603 20.9746555843 21.3106197581 21.3198797166 21.6515587939 21.6961192347 22.1005578612 22.1684501884 22.4012292547 22.4341089530 24.2123440062 24.2134201187 24.8285656217 24.8329327883 25.2837655924 25.2963511787 25.7475890658 25.7737539299 37.0989782524 37.1528133356 37.3514329023 37.3845662998 39.2846497627 39.3015849929 40.4888128525 40.4918775175 42.2516275553 42.2954886459 43.7612741517 43.7867389644 52.9934049896 52.9939102926 53.1231157402 53.1234132655
-48.4967536510 -48.4965108122 -48.4962605205 -48.4958687437 -48.2134418114 -48.2133335833 -48.2129698361 -48.2126787025 -48.2042600933 -48.2038265834 -48.2037437972 -48.2032915530 -17.8621700123 -17.8621077505 -17.7988892999 -17.7988208781 -17.3879719959 -17.3879445347 -17.3101299186 -17.3100620956 -9.2941958493 -9.2877747985 -9.0170117766 -9.0103867451 -7.8209346757 -7.8165428247 -7.6769725170 -7.6715155687 -7.2844454947 -7.2771976456 -7.1979541238 -7.1820974859 -6.7825144296 -6.7699967754 -6.5790875848 -6.5615191385 -6.4389874566 -6.4268630410 -6.3539906998 -6.3354882085 -6.0681284444 -6.0541263016 -5.9277466223 -5.9042910032 -1.2514207442 -1.2495685336 -1.1329811408 -1.1316342303 -0.3687022045 -0.3671607574 -0.0527607304 -0.0511937894 0.4326014837 0.4372050414 0.6322513846 0.6399861448 1.0319205591 1.0369720543 1.2439528485 1.2485287249 1.4604966668 1.4683901288 1.5834019311 1.5939492732 2.2143918292 2.2237404471 2.4885815901 2.5003267251 2.6435238164 2.6666788404 2.9214293639 2.9235945876 3.2106739240 3.2137876438 3.3264438659 3.3299941621 3.5310340182 3.5398299072 4.1591327841 4.1654974675 4.6126213284 4.6230647242 4.7121732034 4.7269569965 4.8897257225 4.8963681790 6.5776204735 6.5826558282 6.7345152795 6.7400315724 7.1158295148 7.1196292430 7.6129836394 7.6246958903 9.4362630586 9.4435819017 9.9980789644 10.0052874622 10.1409483234 10.1514036746 10.3052509479 10.3430357587 11.5928988754 11.6175348657 11.9594338538 11.9776608996 12.3405564641 12.3481874945 12.8970581858 12.9638165456 13.3461996638 13.3988752422 14.0861570727 14.1192800586 14.3293572146 14.3780366224 14.7349973598 14.8339568107 15.0522755226 15.1370963927 15.5311134727 15.5398011152 16.0285437420 16.1055872684 16.5021454795 16.5232272677 16.7652699021 16.8182479140 16.9095914884 16.9579591877 17.0960746314 17.1189041656 17.8007925886 17.8658002224 18.0231763714 18.0792502480 18.6552899728 18.6824640181 18.9662899567 18.9941652942 19.1845678603 19.2038508311 19.4016661478 19.4675019008 20.2789428382 20.2934979060 20.4793082944 20.4895032281 20.6800028028 20.7341068996 20.9504962850 20.9745667359 21.3105804741 21.3198402241 21.6515151133 21.6960770868 22.1005174344 22.1684057981 22.4012203582 22.4341023103 24.2124224863 24.2134991162 24.8285745764 24.8329408729 25.2838628775 25.2964473294 25.7476107185 25.7737767846 37.0996866136 37.1534603759 37.3523671206 37.3854329381 39.2844722370 39.3014262260 40.4890580347 40.4921308652 42.2508137233 42.2945913823 43.7608622888 43.7862085742 52.9932476333 52.9937493823 53.1229294735 53.1232337643
-48.4967536510 -48.4965108122 -48.4962605205 -48.4958687437 -48.2134418114 -48.2133335833 -48.2129698361 -48.2126787025 -48.2042600933 -48.2038265834 -48.2037437972 -48.2032915530 -17.8621700123 -17.8621077505 -17.7988892999 -17.7988208781 -17.3879719959 -17.3879445347 -17.3101299186 -17.3100620956 -9.2941958493 -9.2877747985 -9.0170117766 -9.0103867451 -7.8209346757 -7.8165428247 -7.6769725170 -7.6715155687 -7.2844454947 -7.2771976456 -7.1979541238 -7.1820974859 -6.7825144296 -6.7699967754 -6.5790875848 -6.5615191385 -6.4389874566 -6.4268630410 -6.3539906998 -6.3354882085 -6.0681284444 -6.0541263016 -5.9277466223 -5.9042910032 -1.2514207442 -1.2495685336 -1.1329811408 -1.1316342303 -0.3687022045 -0.3671607574 -0.0527607304 -0.0511937894 0.4326014837 0.4372050414 0.6322513846 0.6399861448 1.0319205591 1.0369720543 1.2439528485 1.2485287249 1.4604966668 1.4683901288 1.5834019311 1.5939492732 2.2143918292 2.2237404471 2.4885815901 2.5003267251 2.6435238164 2.6666788404 2.9214293639 2.9235945876 3.2106739240 3.2137876438 3.3264438659 3.3299941621 3.5310340182 3.5398299072 4.1591327841 4.1654974675 4.6126213284 4.6230647242 4.7121732034 4.7269569966 4.8897257225 4.8963681790 6.5776204735 6.5826558282 6.7345152795 6.7400315724 7.1158295148 7.1196292430 7.6129836394 7.6246958903 9.4362630586 9.4435819017 9.9980789644 10.0052874622 10.1409483233 10.1514036746 10.3052509477 10.3430357585 11.5928988754 11.6175348657 11.9594338536 11.9776608995 12.3405564639 12.3481874943 12.8970581857 12.9638165456 13.3461996639 13.3988752422 14.0861570727 14.1192800586 14.3293572146 14.3780366224 14.7349973598 14.8339568107 15.0522755226 15.1370963927 15.5311134727 15.5398011152 16.0285437420 16.1055872683 16.5021454795 16.5232272677 16.7652699022 16.8182479141 16.9095914883 16.9579591876 17.0960746312 17.1189041655 17.8007925886 17.8658002224 18.0231763714 18.0792502480 18.6552899727 18.6824640180 18.9662899567 18.9941652942 19.1845678603 19.2038508311 19.4016661478 19.4675019008 20.2789428383 20.2934979061 20.4793082943 20.4895032280 20.6800028028 20.7341068995 20.9504962846 20.9745667355 21.3105804740 21.3198402239 21.6515151133 21.6960770868 22.1005174344 22.1684057981 22.4012203578 22.4341023100 24.2124224863 24.2134991162 24.8285745763 24.8329408728 25.2838628775 25.2964473294 25.7476107187 25.7737767848 37.0996866136 37.1534603759 37.3523671213 37.3854329388 39.2844722376 39.3014262266 40.4890580328 40.4921308635 42.2508137202 42.2945913788 43.7608622845 43.7862085700 52.9932476329 52.9937493818 53.1229294733 53.1232337640
